 1.29958333e+02
 1.30041667e+02
 1.30125000e+02
 1.30208333e+02
 1.30291667e+02
 1.30375000e+02
 1.30458333e+02
 1.30541667e+02
 1.30625000e+02
 1.30708333e+02
 1.30791667e+02
 1.30875000e+02
 1.30958333e+02
 1.31041667e+02
 1.31125000e+02
 1.31208333e+02
 1.31291667e+02
 1.31375000e+02
 1.31458333e+02
 1.31541667e+02
 1.31625000e+02
 1.31708333e+02
 1.31791667e+02
 1.31875000e+02
 1.31958333e+02
 1.32041667e+02
 1.32125000e+02
 1.32208333e+02
 1.32291667e+02
 1.32375000e+02
 1.32458333e+02
 1.32541667e+02
 1.32625000e+02
 1.32708333e+02
 1.32791667e+02
 1.32875000e+02
 1.32958333e+02
 1.33041667e+02
 1.33125000e+02
 1.33208333e+02
 1.33291667e+02
 1.33375000e+02
 1.33458333e+02
 1.33541667e+02
 1.33625000e+02
 1.33708333e+02
 1.33791667e+02
 1.33875000e+02
 1.33958333e+02
 1.34041667e+02
 1.34125000e+02
 1.34208333e+02
 1.34291667e+02
 1.34375000e+02
 1.34458333e+02
 1.34541667e+02
 1.34625000e+02
 1.34708333e+02
 1.34791667e+02
 1.34875000e+02
 1.34958333e+02
 1.35041667e+02
 1.35125000e+02
 1.35208333e+02
 1.35291667e+02
 1.35375000e+02
 1.35458333e+02
 1.35541667e+02
 1.35625000e+02
 1.35708333e+02
 1.35791667e+02
 1.35875000e+02
 1.35958333e+02
 1.36041667e+02
 1.36125000e+02
 1.36208333e+02
 1.36291667e+02
 1.36375000e+02
 1.36458333e+02
 1.36541667e+02
 1.36625000e+02
 1.36708333e+02
 1.36791667e+02
 1.36875000e+02
 1.36958333e+02
 1.37041667e+02
 1.37125000e+02
 1.37208333e+02
 1.37291667e+02
 1.37375000e+02
 1.37458333e+02
 1.37541667e+02
 1.37625000e+02
 1.37708333e+02
 1.37791667e+02
 1.37875000e+02
 1.37958333e+02
 1.38041667e+02
 1.38125000e+02
 1.38208333e+02
 1.38291667e+02
 1.38375000e+02
 1.38458333e+02
 1.38541667e+02
 1.38625000e+02
 1.38708333e+02
 1.38791667e+02
 1.38875000e+02
 1.38958333e+02
 1.39041667e+02
 1.39125000e+02
 1.39208333e+02
 1.39291667e+02
 1.39375000e+02
 1.39458333e+02
 1.39541667e+02
 1.39625000e+02
 1.39708333e+02
 1.39791667e+02
 1.39875000e+02
 1.39958333e+02
 1.40041667e+02
 1.40125000e+02
 1.40208333e+02
 1.40291667e+02
 1.40375000e+02
 1.40458333e+02
 1.40541667e+02
 1.40625000e+02
 1.40708333e+02
 1.40791667e+02
 1.40875000e+02
 1.40958333e+02
 1.41041667e+02
 1.41125000e+02
 1.41208333e+02
 1.41291667e+02
 1.41375000e+02
 1.41458333e+02
 1.41541667e+02
 1.41625000e+02
 1.41708333e+02
 1.41791667e+02
 1.41875000e+02
 1.41958333e+02
 1.42041667e+02
 1.42125000e+02
 1.42208333e+02
 1.42291667e+02
 1.42375000e+02
 1.42458333e+02
 1.42541667e+02
 1.42625000e+02
 1.42708333e+02
 1.42791667e+02
 1.42875000e+02
 1.42958333e+02
 1.43041667e+02
 1.43125000e+02
 1.43208333e+02
 1.43291667e+02
 1.43375000e+02
 1.43458333e+02
 1.43541667e+02
 1.43625000e+02
 1.43708333e+02
 1.43791667e+02
 1.43875000e+02
 1.43958333e+02
 1.44041667e+02
 1.44125000e+02
 1.44208333e+02
 1.44291667e+02
 1.44375000e+02
 1.44458333e+02
 1.44541667e+02
 1.44625000e+02
 1.44708333e+02
 1.44791667e+02
 1.44875000e+02
 1.44958333e+02
 1.45041667e+02
 1.45125000e+02
 1.45208333e+02
 1.45291667e+02
 1.45375000e+02
 1.45458333e+02
 1.45541667e+02
 1.45625000e+02
 1.45708333e+02
 1.45791667e+02
 1.45875000e+02
 1.45958333e+02
 1.46041667e+02
 1.46125000e+02
 1.46208333e+02
 1.46291667e+02
 1.46375000e+02
 1.46458333e+02
 1.46541667e+02
 1.46625000e+02
 1.46708333e+02
 1.46791667e+02
 1.46875000e+02
 1.46958333e+02
 1.47041667e+02
 1.47125000e+02
 1.47208333e+02
 1.47291667e+02
 1.47375000e+02
 1.47458333e+02
 1.47541667e+02
 1.47625000e+02
 1.47708333e+02
 1.47791667e+02
 1.47875000e+02
 1.47958333e+02
 1.48041667e+02
 1.48125000e+02
 1.48208333e+02
 1.48291667e+02
 1.48375000e+02
 1.48458333e+02
 1.48541667e+02
 1.48625000e+02
 1.48708333e+02
 1.48791667e+02
 1.48875000e+02
 1.48958333e+02
 1.49041667e+02
 1.49125000e+02
 1.49208333e+02
 1.49291667e+02
 1.49375000e+02
 1.49458333e+02
 1.49541667e+02
 1.49625000e+02
 1.49708333e+02
 1.49791667e+02
 1.49875000e+02
 1.49958333e+02
 1.50041667e+02
 1.50125000e+02
 1.50208333e+02
 1.50291667e+02
 1.50375000e+02
 1.50458333e+02
 1.50541667e+02
 1.50625000e+02
 1.50708333e+02
 1.50791667e+02
 1.50875000e+02
 1.50958333e+02
 1.51041667e+02
 1.51125000e+02
 1.51208333e+02
 1.51291667e+02
 1.51375000e+02
 1.51458333e+02
 1.51541667e+02
 1.51625000e+02
 1.51708333e+02
 1.51791667e+02
 1.51875000e+02
 1.51958333e+02
 1.52041667e+02
 1.52125000e+02
 1.52208333e+02
 1.52291667e+02
 1.52375000e+02
 1.52458333e+02
 1.52541667e+02
 1.52625000e+02
 1.52708333e+02
 1.52791667e+02
 1.52875000e+02
 1.52958333e+02
 1.53041667e+02
 1.53125000e+02
 1.53208333e+02
 1.53291667e+02
 1.53375000e+02
 1.53458333e+02
 1.53541667e+02
 1.53625000e+02
 1.53708333e+02
 1.53791667e+02
 1.53875000e+02
 1.53958333e+02
 1.54041667e+02
 1.54125000e+02
 1.54208333e+02
 1.54291667e+02
 1.54375000e+02
 1.54458333e+02
 1.54541667e+02
 1.54625000e+02
 1.54708333e+02
 1.54791667e+02
 1.54875000e+02
 1.54958333e+02
 1.55041667e+02
 1.55125000e+02
 1.55208333e+02
 1.55291667e+02
 1.55375000e+02
 1.55458333e+02
 1.55541667e+02
 1.55625000e+02
 1.55708333e+02
 1.55791667e+02
 1.55875000e+02
 1.55958333e+02
 1.56041667e+02
 1.56125000e+02
 1.56208333e+02
 1.56291667e+02
 1.56375000e+02
 1.56458333e+02
 1.56541667e+02
 1.56625000e+02
 1.56708333e+02
 1.56791667e+02
 1.56875000e+02
 1.56958333e+02
 1.57041667e+02
 1.57125000e+02
 1.57208333e+02
 1.57291667e+02
 1.57375000e+02
 1.57458333e+02
 1.57541667e+02
 1.57625000e+02
 1.57708333e+02
 1.57791667e+02
 1.57875000e+02
 1.57958333e+02
 1.58041667e+02
 1.58125000e+02
 1.58208333e+02
 1.58291667e+02
 1.58375000e+02
 1.58458333e+02
 1.58541667e+02
 1.58625000e+02
 1.58708333e+02
 1.58791667e+02
 1.58875000e+02
 1.58958333e+02
 1.59041667e+02
 1.59125000e+02
 1.59208333e+02
 1.59291667e+02
 1.59375000e+02
 1.59458333e+02
 1.59541667e+02
 1.59625000e+02
 1.59708333e+02
 1.59791667e+02
 1.59875000e+02
 1.59958333e+02
 1.60041667e+02
 1.60125000e+02
 1.60208333e+02
 1.60291667e+02
 1.60375000e+02
 1.60458333e+02
 1.60541667e+02
 1.60625000e+02
 1.60708333e+02
 1.60791667e+02
 1.60875000e+02
 1.60958333e+02
 1.61041667e+02
 1.61125000e+02
 1.61208333e+02
 1.61291667e+02
 1.61375000e+02
 1.61458333e+02
 1.61541667e+02
 1.61625000e+02
 1.61708333e+02
 1.61791667e+02
 1.61875000e+02
 1.61958333e+02
 1.62041667e+02
 1.62125000e+02
 1.62208333e+02
 1.62291667e+02
 1.62375000e+02
 1.62458333e+02
 1.62541667e+02
 1.62625000e+02
 1.62708333e+02
 1.62791667e+02
 1.62875000e+02
 1.62958333e+02
 1.63041667e+02
 1.63125000e+02
 1.63208333e+02
 1.63291667e+02
 1.63375000e+02
 1.63458333e+02
 1.63541667e+02
 1.63625000e+02
 1.63708333e+02
 1.63791667e+02
 1.63875000e+02
 1.63958333e+02
 1.64041667e+02
 1.64125000e+02
 1.64208333e+02
 1.64291667e+02
 1.64375000e+02
 1.64458333e+02
 1.64541667e+02
 1.64625000e+02
 1.64708333e+02
 1.64791667e+02
 1.64875000e+02
 1.64958333e+02
 1.65041667e+02
 1.65125000e+02
 1.65208333e+02
 1.65291667e+02
 1.65375000e+02
 1.65458333e+02
 1.65541667e+02
 1.65625000e+02
 1.65708333e+02
 1.65791667e+02
 1.65875000e+02
 1.65958333e+02
 1.66041667e+02
 1.66125000e+02
 1.66208333e+02
 1.66291667e+02
 1.66375000e+02
 1.66458333e+02
 1.66541667e+02
 1.66625000e+02
 1.66708333e+02
 1.66791667e+02
 1.66875000e+02
 1.66958333e+02
 1.67041667e+02
 1.67125000e+02
 1.67208333e+02
 1.67291667e+02
 1.67375000e+02
 1.67458333e+02
 1.67541667e+02
 1.67625000e+02
 1.67708333e+02
 1.67791667e+02
 1.67875000e+02
 1.67958333e+02
 1.68041667e+02
 1.68125000e+02
 1.68208333e+02
 1.68291667e+02
 1.68375000e+02
 1.68458333e+02
 1.68541667e+02
 1.68625000e+02
 1.68708333e+02
 1.68791667e+02
 1.68875000e+02
 1.68958333e+02
 1.69041667e+02
 1.69125000e+02
 1.69208333e+02
 1.69291667e+02
 1.69375000e+02
 1.69458333e+02
 1.69541667e+02
 1.69625000e+02
 1.69708333e+02
 1.69791667e+02
 1.69875000e+02
 1.69958333e+02
 1.70041667e+02
 1.70125000e+02
 1.70208333e+02
 1.70291667e+02
 1.70375000e+02
 1.70458333e+02
 1.70541667e+02
 1.70625000e+02
 1.70708333e+02
 1.70791667e+02
 1.70875000e+02
 1.70958333e+02
 1.71041667e+02
 1.71125000e+02
 1.71208333e+02
 1.71291667e+02
 1.71375000e+02
 1.71458333e+02
 1.71541667e+02
 1.71625000e+02
 1.71708333e+02
 1.71791667e+02
 1.71875000e+02
 1.71958333e+02
 1.72041667e+02
 1.72125000e+02
 1.72208333e+02
 1.72291667e+02
 1.72375000e+02
 1.72458333e+02
 1.72541667e+02
 1.72625000e+02
 1.72708333e+02
 1.72791667e+02
 1.72875000e+02
 1.72958333e+02
 1.73041667e+02
 1.73125000e+02
 1.73208333e+02
 1.73291667e+02
 1.73375000e+02
 1.73458333e+02
 1.73541667e+02
 1.73625000e+02
 1.73708333e+02
 1.73791667e+02
 1.73875000e+02
 1.73958333e+02
 1.74041667e+02
 1.74125000e+02
 1.74208333e+02
 1.74291667e+02
 1.74375000e+02
 1.74458333e+02
 1.74541667e+02
 1.74625000e+02
 1.74708333e+02
 1.74791667e+02
 1.74875000e+02
 1.74958333e+02
 1.75041667e+02
 1.75125000e+02
 1.75208333e+02
 1.75291667e+02
 1.75375000e+02
 1.75458333e+02
 1.75541667e+02
 1.75625000e+02
 1.75708333e+02
 1.75791667e+02
 1.75875000e+02
 1.75958333e+02
 1.76041667e+02
 1.76125000e+02
 1.76208333e+02
 1.76291667e+02
 1.76375000e+02
 1.76458333e+02
 1.76541667e+02
 1.76625000e+02
 1.76708333e+02
 1.76791667e+02
 1.76875000e+02
 1.76958333e+02
 1.77041667e+02
 1.77125000e+02
 1.77208333e+02
 1.77291667e+02
 1.77375000e+02
 1.77458333e+02
 1.77541667e+02
 1.77625000e+02
 1.77708333e+02
 1.77791667e+02
 1.77875000e+02
 1.77958333e+02
 1.78041667e+02
 1.78125000e+02
 1.78208333e+02
 1.78291667e+02
 1.78375000e+02
 1.78458333e+02
 1.78541667e+02
 1.78625000e+02
 1.78708333e+02
 1.78791667e+02
 1.78875000e+02
 1.78958333e+02
 1.79041667e+02
 1.79125000e+02
 1.79208333e+02
 1.79291667e+02
 1.79375000e+02
 1.79458333e+02
 1.79541667e+02
 1.79625000e+02
 1.79708333e+02
 1.79791667e+02
 1.79875000e+02
 1.79958333e+02
 1.80041667e+02
 1.80125000e+02
 1.80208333e+02
 1.80291667e+02
 1.80375000e+02
 1.80458333e+02
 1.80541667e+02
 1.80625000e+02
 1.80708333e+02
 1.80791667e+02
 1.80875000e+02
 1.80958333e+02
 1.81041667e+02
 1.81125000e+02
 1.81208333e+02
 1.81291667e+02
 1.81375000e+02
 1.81458333e+02
 1.81541667e+02
 1.81625000e+02
 1.81708333e+02
 1.81791667e+02
 1.81875000e+02
 1.81958333e+02
 1.82041667e+02
 1.82125000e+02
 1.82208333e+02
 1.82291667e+02
 1.82375000e+02
 1.82458333e+02
 1.82541667e+02
 1.82625000e+02
 1.82708333e+02
 1.82791667e+02
 1.82875000e+02
 1.82958333e+02
 1.83041667e+02
 1.83125000e+02
 1.83208333e+02
 1.83291667e+02
 1.83375000e+02
 1.83458333e+02
 1.83541667e+02
 1.83625000e+02
 1.83708333e+02
 1.83791667e+02
 1.83875000e+02
 1.83958333e+02
 1.84041667e+02
 1.84125000e+02
 1.84208333e+02
 1.84291667e+02
 1.84375000e+02
 1.84458333e+02
 1.84541667e+02
 1.84625000e+02
 1.84708333e+02
 1.84791667e+02
 1.84875000e+02
 1.84958333e+02
 1.85041667e+02
 1.85125000e+02
 1.85208333e+02
 1.85291667e+02
 1.85375000e+02
 1.85458333e+02
 1.85541667e+02
 1.85625000e+02
 1.85708333e+02
 1.85791667e+02
 1.85875000e+02
 1.85958333e+02
 1.86041667e+02
 1.86125000e+02
 1.86208333e+02
 1.86291667e+02
 1.86375000e+02
 1.86458333e+02
 1.86541667e+02
 1.86625000e+02
 1.86708333e+02
 1.86791667e+02
 1.86875000e+02
 1.86958333e+02
 1.87041667e+02
 1.87125000e+02
 1.87208333e+02
 1.87291667e+02
 1.87375000e+02
 1.87458333e+02
 1.87541667e+02
 1.87625000e+02
 1.87708333e+02
 1.87791667e+02
 1.87875000e+02
 1.87958333e+02
 1.88041667e+02
 1.88125000e+02
 1.88208333e+02
 1.88291667e+02
 1.88375000e+02
 1.88458333e+02
 1.88541667e+02
 1.88625000e+02
 1.88708333e+02
 1.88791667e+02
 1.88875000e+02
 1.88958333e+02
 1.89041667e+02
 1.89125000e+02
 1.89208333e+02
 1.89291667e+02
 1.89375000e+02
 1.89458333e+02
 1.89541667e+02
 1.89625000e+02
 1.89708333e+02
 1.89791667e+02
 1.89875000e+02
 1.89958333e+02
 1.90041667e+02
 1.90125000e+02
 1.90208333e+02
 1.90291667e+02
 1.90375000e+02
 1.90458333e+02
 1.90541667e+02
 1.90625000e+02
 1.90708333e+02
 1.90791667e+02
 1.90875000e+02
 1.90958333e+02
 1.91041667e+02
 1.91125000e+02
 1.91208333e+02
 1.91291667e+02
 1.91375000e+02
 1.91458333e+02
 1.91541667e+02
 1.91625000e+02
 1.91708333e+02
 1.91791667e+02
 1.91875000e+02
 1.91958333e+02
 1.92041667e+02
 1.92125000e+02
 1.92208333e+02
 1.92291667e+02
 1.92375000e+02
 1.92458333e+02
 1.92541667e+02
 1.92625000e+02
 1.92708333e+02
 1.92791667e+02
 1.92875000e+02
 1.92958333e+02
 1.93041667e+02
 1.93125000e+02
 1.93208333e+02
 1.93291667e+02
 1.93375000e+02
 1.93458333e+02
 1.93541667e+02
 1.93625000e+02
 1.93708333e+02
 1.93791667e+02
 1.93875000e+02
 1.93958333e+02
 1.94041667e+02
 1.94125000e+02
 1.94208333e+02
 1.94291667e+02
 1.94375000e+02
 1.94458333e+02
 1.94541667e+02
 1.94625000e+02
 1.94708333e+02
 1.94791667e+02
 1.94875000e+02
 1.94958333e+02
 1.95041667e+02
 1.95125000e+02
 1.95208333e+02
 1.95291667e+02
 1.95375000e+02
 1.95458333e+02
 1.95541667e+02
 1.95625000e+02
 1.95708333e+02
 1.95791667e+02
 1.95875000e+02
 1.95958333e+02
 1.96041667e+02
 1.96125000e+02
 1.96208333e+02
 1.96291667e+02
 1.96375000e+02
 1.96458333e+02
 1.96541667e+02
 1.96625000e+02
 1.96708333e+02
 1.96791667e+02
 1.96875000e+02
 1.96958333e+02
 1.97041667e+02
 1.97125000e+02
 1.97208333e+02
 1.97291667e+02
 1.97375000e+02
 1.97458333e+02
 1.97541667e+02
 1.97625000e+02
 1.97708333e+02
 1.97791667e+02
 1.97875000e+02
 1.97958333e+02
 1.98041667e+02
 1.98125000e+02
 1.98208333e+02
 1.98291667e+02
 1.98375000e+02
 1.98458333e+02
 1.98541667e+02
 1.98625000e+02
 1.98708333e+02
 1.98791667e+02
 1.98875000e+02
 1.98958333e+02
 1.99041667e+02
 1.99125000e+02
 1.99208333e+02
 1.99291667e+02
 1.99375000e+02
 1.99458333e+02
 1.99541667e+02
 1.99625000e+02
 1.99708333e+02
 1.99791667e+02
 1.99875000e+02
 1.99958333e+02
 2.00041667e+02
 2.00125000e+02
 2.00208333e+02
 2.00291667e+02
 2.00375000e+02
 2.00458333e+02
 2.00541667e+02
 2.00625000e+02
 2.00708333e+02
 2.00791667e+02
 2.00875000e+02
 2.00958333e+02
 2.01041667e+02
 2.01125000e+02
 2.01208333e+02
 2.01291667e+02
 2.01375000e+02
 2.01458333e+02
 2.01541667e+02
 2.01625000e+02
 2.01708333e+02
 2.01791667e+02
 2.01875000e+02
 2.01958333e+02
 2.02041667e+02
 2.02125000e+02
 2.02208333e+02
 2.02291667e+02
 2.02375000e+02
 2.02458333e+02
 2.02541667e+02
 2.02625000e+02
 2.02708333e+02
 2.02791667e+02
 2.02875000e+02
 2.02958333e+02
 2.03041667e+02
 2.03125000e+02
 2.03208333e+02
 2.03291667e+02
 2.03375000e+02
 2.03458333e+02
 2.03541667e+02
 2.03625000e+02
 2.03708333e+02
 2.03791667e+02
 2.03875000e+02
 2.03958333e+02
 2.04041667e+02
 2.04125000e+02
 2.04208333e+02
 2.04291667e+02
 2.04375000e+02
 2.04458333e+02
 2.04541667e+02
 2.04625000e+02
 2.04708333e+02
 2.04791667e+02
 2.04875000e+02
 2.04958333e+02
 2.05041667e+02
 2.05125000e+02
 2.05208333e+02
 2.05291667e+02
 2.05375000e+02
 2.05458333e+02
 2.05541667e+02
 2.05625000e+02
 2.05708333e+02
 2.05791667e+02
 2.05875000e+02
 2.05958333e+02
 2.06041667e+02
 2.06125000e+02
 2.06208333e+02
 2.06291667e+02
 2.06375000e+02
 2.06458333e+02
 2.06541667e+02
 2.06625000e+02
 2.06708333e+02
 2.06791667e+02
 2.06875000e+02
 2.06958333e+02
 2.07041667e+02
 2.07125000e+02
 2.07208333e+02
 2.07291667e+02
 2.07375000e+02
 2.07458333e+02
 2.07541667e+02
 2.07625000e+02
 2.07708333e+02
 2.07791667e+02
 2.07875000e+02
 2.07958333e+02
 2.08041667e+02
 2.08125000e+02
 2.08208333e+02
 2.08291667e+02
 2.08375000e+02
 2.08458333e+02
 2.08541667e+02
 2.08625000e+02
 2.08708333e+02
 2.08791667e+02
 2.08875000e+02
 2.08958333e+02
 2.09041667e+02
 2.09125000e+02
 2.09208333e+02
 2.09291667e+02
 2.09375000e+02
 2.09458333e+02
 2.09541667e+02
 2.09625000e+02
 2.09708333e+02
 2.09791667e+02
 2.09875000e+02
 2.09958333e+02
 2.10041667e+02
 2.10125000e+02
 2.10208333e+02
 2.10291667e+02
 2.10375000e+02
 2.10458333e+02
 2.10541667e+02
 2.10625000e+02
 2.10708333e+02
 2.10791667e+02
 2.10875000e+02
 2.10958333e+02
 2.11041667e+02
 2.11125000e+02
 2.11208333e+02
 2.11291667e+02
 2.11375000e+02
 2.11458333e+02
 2.11541667e+02
 2.11625000e+02
 2.11708333e+02
 2.11791667e+02
 2.11875000e+02
 2.11958333e+02
 2.12041667e+02
 2.12125000e+02
 2.12208333e+02
 2.12291667e+02
 2.12375000e+02
 2.12458333e+02
 2.12541667e+02
 2.12625000e+02
 2.12708333e+02
 2.12791667e+02
 2.12875000e+02
 2.12958333e+02
 2.13041667e+02
 2.13125000e+02
 2.13208333e+02
 2.13291667e+02
 2.13375000e+02
 2.13458333e+02
 2.13541667e+02
 2.13625000e+02
 2.13708333e+02
 2.13791667e+02
 2.13875000e+02
 2.13958333e+02
 2.14041667e+02
 2.14125000e+02
 2.14208333e+02
 2.14291667e+02
 2.14375000e+02
 2.14458333e+02
 2.14541667e+02
 2.14625000e+02
 2.14708333e+02
 2.14791667e+02
 2.14875000e+02
 2.14958333e+02
 2.15041667e+02
 2.15125000e+02
 2.15208333e+02
 2.15291667e+02
 2.15375000e+02
 2.15458333e+02
 2.15541667e+02
 2.15625000e+02
 2.15708333e+02
 2.15791667e+02
 2.15875000e+02
 2.15958333e+02
 2.16041667e+02
 2.16125000e+02
 2.16208333e+02
 2.16291667e+02
 2.16375000e+02
 2.16458333e+02
 2.16541667e+02
 2.16625000e+02
 2.16708333e+02
 2.16791667e+02
 2.16875000e+02
 2.16958333e+02
 2.17041667e+02
 2.17125000e+02
 2.17208333e+02
 2.17291667e+02
 2.17375000e+02
 2.17458333e+02
 2.17541667e+02
 2.17625000e+02
 2.17708333e+02
 2.17791667e+02
 2.17875000e+02
 2.17958333e+02
 2.18041667e+02
 2.18125000e+02
 2.18208333e+02
 2.18291667e+02
 2.18375000e+02
 2.18458333e+02
 2.18541667e+02
 2.18625000e+02
 2.18708333e+02
 2.18791667e+02
 2.18875000e+02
 2.18958333e+02
 2.19041667e+02
 2.19125000e+02
 2.19208333e+02
 2.19291667e+02
 2.19375000e+02
 2.19458333e+02
 2.19541667e+02
 2.19625000e+02
 2.19708333e+02
 2.19791667e+02
 2.19875000e+02
 2.19958333e+02
 2.20041667e+02
 2.20125000e+02
 2.20208333e+02
 2.20291667e+02
 2.20375000e+02
 2.20458333e+02
 2.20541667e+02
 2.20625000e+02
 2.20708333e+02
 2.20791667e+02
 2.20875000e+02
 2.20958333e+02
 2.21041667e+02
 2.21125000e+02
 2.21208333e+02
 2.21291667e+02
 2.21375000e+02
 2.21458333e+02
 2.21541667e+02
 2.21625000e+02
 2.21708333e+02
 2.21791667e+02
 2.21875000e+02
 2.21958333e+02
 2.22041667e+02
 2.22125000e+02
 2.22208333e+02
 2.22291667e+02
 2.22375000e+02
 2.22458333e+02
 2.22541667e+02
 2.22625000e+02
 2.22708333e+02
 2.22791667e+02
 2.22875000e+02
 2.22958333e+02
 2.23041667e+02
 2.23125000e+02
 2.23208333e+02
 2.23291667e+02
 2.23375000e+02
 2.23458333e+02
 2.23541667e+02
 2.23625000e+02
 2.23708333e+02
 2.23791667e+02
 2.23875000e+02
 2.23958333e+02
 2.24041667e+02
 2.24125000e+02
 2.24208333e+02
 2.24291667e+02
 2.24375000e+02
 2.24458333e+02
 2.24541667e+02
 2.24625000e+02
 2.24708333e+02
 2.24791667e+02
 2.24875000e+02
 2.24958333e+02
 2.25041667e+02
 2.25125000e+02
 2.25208333e+02
 2.25291667e+02
 2.25375000e+02
 2.25458333e+02
 2.25541667e+02
 2.25625000e+02
 2.25708333e+02
 2.25791667e+02
 2.25875000e+02
 2.25958333e+02
 2.26041667e+02
 2.26125000e+02
 2.26208333e+02
 2.26291667e+02
 2.26375000e+02
 2.26458333e+02
 2.26541667e+02
 2.26625000e+02
 2.26708333e+02
 2.26791667e+02
 2.26875000e+02
 2.26958333e+02
 2.27041667e+02
 2.27125000e+02
 2.27208333e+02
 2.27291667e+02
 2.27375000e+02
 2.27458333e+02
 2.27541667e+02
 2.27625000e+02
 2.27708333e+02
 2.27791667e+02
 2.27875000e+02
 2.27958333e+02
 2.28041667e+02
 2.28125000e+02
 2.28208333e+02
 2.28291667e+02
 2.28375000e+02
 2.28458333e+02
 2.28541667e+02
 2.28625000e+02
 2.28708333e+02
 2.28791667e+02
 2.28875000e+02
 2.28958333e+02
 2.29041667e+02
 2.29125000e+02
 2.29208333e+02
 2.29291667e+02
 2.29375000e+02
 2.29458333e+02
 2.29541667e+02
 2.29625000e+02
 2.29708333e+02
 2.29791667e+02
 2.29875000e+02
 2.29958333e+02
 2.30041667e+02
 2.30125000e+02
 2.30208333e+02
 2.30291667e+02
 2.30375000e+02
 2.30458333e+02
 2.30541667e+02
 2.30625000e+02
 2.30708333e+02
 2.30791667e+02
 2.30875000e+02
 2.30958333e+02
 2.31041667e+02
 2.31125000e+02
 2.31208333e+02
 2.31291667e+02
 2.31375000e+02
 2.31458333e+02
 2.31541667e+02
 2.31625000e+02
 2.31708333e+02
 2.31791667e+02
 2.31875000e+02
 2.31958333e+02
 2.32041667e+02
 2.32125000e+02
 2.32208333e+02
 2.32291667e+02
 2.32375000e+02
 2.32458333e+02
 2.32541667e+02
 2.32625000e+02
 2.32708333e+02
 2.32791667e+02
 2.32875000e+02
 2.32958333e+02
 2.33041667e+02
 2.33125000e+02
 2.33208333e+02
 2.33291667e+02
 2.33375000e+02
 2.33458333e+02
 2.33541667e+02
 2.33625000e+02
 2.33708333e+02
 2.33791667e+02
 2.33875000e+02
 2.33958333e+02
 2.34041667e+02
 2.34125000e+02
 2.34208333e+02
 2.34291667e+02
 2.34375000e+02
 2.34458333e+02
 2.34541667e+02
 2.34625000e+02
 2.34708333e+02
 2.34791667e+02
 2.34875000e+02
 2.34958333e+02
 2.35041667e+02
 2.35125000e+02
 2.35208333e+02
 2.35291667e+02
 2.35375000e+02
 2.35458333e+02
 2.35541667e+02
 2.35625000e+02
 2.35708333e+02
 2.35791667e+02
 2.35875000e+02
 2.35958333e+02
 2.36041667e+02
 2.36125000e+02
 2.36208333e+02
 2.36291667e+02
 2.36375000e+02
 2.36458333e+02
 2.36541667e+02
 2.36625000e+02
 2.36708333e+02
 2.36791667e+02
 2.36875000e+02
 2.36958333e+02
 2.37041667e+02
 2.37125000e+02
 2.37208333e+02
 2.37291667e+02
 2.37375000e+02
 2.37458333e+02
 2.37541667e+02
 2.37625000e+02
 2.37708333e+02
 2.37791667e+02
 2.37875000e+02
 2.37958333e+02
 2.38041667e+02
 2.38125000e+02
 2.38208333e+02
 2.38291667e+02
 2.38375000e+02
 2.38458333e+02
 2.38541667e+02
 2.38625000e+02
 2.38708333e+02
 2.38791667e+02
 2.38875000e+02
 2.38958333e+02
 2.39041667e+02
 2.39125000e+02
 2.39208333e+02
 2.39291667e+02
 2.39375000e+02
 2.39458333e+02
 2.39541667e+02
 2.39625000e+02
 2.39708333e+02
 2.39791667e+02
 2.39875000e+02
 2.39958333e+02
 2.40041667e+02
 2.40125000e+02
 2.40208333e+02
 2.40291667e+02
 2.40375000e+02
 2.40458333e+02
 2.40541667e+02
 2.40625000e+02
 2.40708333e+02
 2.40791667e+02
 2.40875000e+02
 2.40958333e+02
 2.41041667e+02
 2.41125000e+02
 2.41208333e+02
 2.41291667e+02
 2.41375000e+02
 2.41458333e+02
 2.41541667e+02
 2.41625000e+02
 2.41708333e+02
 2.41791667e+02
 2.41875000e+02
 2.41958333e+02
 2.42041667e+02
 2.42125000e+02
 2.42208333e+02
 2.42291667e+02
 2.42375000e+02
 2.42458333e+02
 2.42541667e+02
 2.42625000e+02
 2.42708333e+02
 2.42791667e+02
 2.42875000e+02
 2.42958333e+02
 2.43041667e+02
 2.43125000e+02
 2.43208333e+02
 2.43291667e+02
 2.43375000e+02
 2.43458333e+02
 2.43541667e+02
 2.43625000e+02
 2.43708333e+02
 2.43791667e+02
 2.43875000e+02
 2.43958333e+02
 2.44041667e+02
 2.44125000e+02
 2.44208333e+02
 2.44291667e+02
 2.44375000e+02
 2.44458333e+02
 2.44541667e+02
 2.44625000e+02
 2.44708333e+02
 2.44791667e+02
 2.44875000e+02
 2.44958333e+02
 2.45041667e+02
 2.45125000e+02
 2.45208333e+02
 2.45291667e+02
 2.45375000e+02
 2.45458333e+02
 2.45541667e+02
 2.45625000e+02
 2.45708333e+02
 2.45791667e+02
 2.45875000e+02
 2.45958333e+02
 2.46041667e+02
 2.46125000e+02
 2.46208333e+02
 2.46291667e+02
 2.46375000e+02
 2.46458333e+02
 2.46541667e+02
 2.46625000e+02
 2.46708333e+02
 2.46791667e+02
 2.46875000e+02
 2.46958333e+02
 2.47041667e+02
 2.47125000e+02
 2.47208333e+02
 2.47291667e+02
 2.47375000e+02
 2.47458333e+02
 2.47541667e+02
 2.47625000e+02
 2.47708333e+02
 2.47791667e+02
 2.47875000e+02
 2.47958333e+02
 2.48041667e+02
 2.48125000e+02
 2.48208333e+02
 2.48291667e+02
 2.48375000e+02
 2.48458333e+02
 2.48541667e+02
 2.48625000e+02
 2.48708333e+02
 2.48791667e+02
 2.48875000e+02
 2.48958333e+02
 2.49041667e+02
 2.49125000e+02
 2.49208333e+02
 2.49291667e+02
 2.49375000e+02
 2.49458333e+02
 2.49541667e+02
 2.49625000e+02
 2.49708333e+02
 2.49791667e+02
 2.49875000e+02
 2.49958333e+02
 2.50041667e+02
 2.50125000e+02
 2.50208333e+02
 2.50291667e+02
 2.50375000e+02
 2.50458333e+02
 2.50541667e+02
 2.50625000e+02
 2.50708333e+02
 2.50791667e+02
 2.50875000e+02
 2.50958333e+02
 2.51041667e+02
 2.51125000e+02
 2.51208333e+02
 2.51291667e+02
 2.51375000e+02
 2.51458333e+02
 2.51541667e+02
 2.51625000e+02
 2.51708333e+02
 2.51791667e+02
 2.51875000e+02
 2.51958333e+02
 2.52041667e+02
 2.52125000e+02
 2.52208333e+02
 2.52291667e+02
 2.52375000e+02
 2.52458333e+02
 2.52541667e+02
 2.52625000e+02
 2.52708333e+02
 2.52791667e+02
 2.52875000e+02
 2.52958333e+02
 2.53041667e+02
 2.53125000e+02
 2.53208333e+02
 2.53291667e+02
 2.53375000e+02
 2.53458333e+02
 2.53541667e+02
 2.53625000e+02
 2.53708333e+02
 2.53791667e+02
 2.53875000e+02
 2.53958333e+02
 2.54041667e+02
 2.54125000e+02
 2.54208333e+02
 2.54291667e+02
 2.54375000e+02
 2.54458333e+02
 2.54541667e+02
 2.54625000e+02
 2.54708333e+02
 2.54791667e+02
 2.54875000e+02
 2.54958333e+02
 2.55041667e+02
 2.55125000e+02
 2.55208333e+02
 2.55291667e+02
 2.55375000e+02
 2.55458333e+02
 2.55541667e+02
 2.55625000e+02
 2.55708333e+02
 2.55791667e+02
 2.55875000e+02
 2.55958333e+02
 2.56041667e+02
 2.56125000e+02
 2.56208333e+02
 2.56291667e+02
 2.56375000e+02
 2.56458333e+02
 2.56541667e+02
 2.56625000e+02
 2.56708333e+02
 2.56791667e+02
 2.56875000e+02
 2.56958333e+02
 2.57041667e+02
 2.57125000e+02
 2.57208333e+02
 2.57291667e+02
 2.57375000e+02
 2.57458333e+02
 2.57541667e+02
 2.57625000e+02
 2.57708333e+02
 2.57791667e+02
 2.57875000e+02
 2.57958333e+02
 2.58041667e+02
 2.58125000e+02
 2.58208333e+02
 2.58291667e+02
 2.58375000e+02
 2.58458333e+02
 2.58541667e+02
 2.58625000e+02
 2.58708333e+02
 2.58791667e+02
 2.58875000e+02
 2.58958333e+02
 2.59041667e+02
 2.59125000e+02
 2.59208333e+02
 2.59291667e+02
 2.59375000e+02
 2.59458333e+02
 2.59541667e+02
 2.59625000e+02
 2.59708333e+02
 2.59791667e+02
 2.59875000e+02
 2.59958333e+02
 2.60041667e+02
 2.60125000e+02
 2.60208333e+02
 2.60291667e+02
 2.60375000e+02
 2.60458333e+02
 2.60541667e+02
 2.60625000e+02
 2.60708333e+02
 2.60791667e+02
 2.60875000e+02
 2.60958333e+02
 2.61041667e+02
 2.61125000e+02
 2.61208333e+02
 2.61291667e+02
 2.61375000e+02
 2.61458333e+02
 2.61541667e+02
 2.61625000e+02
 2.61708333e+02
 2.61791667e+02
 2.61875000e+02
 2.61958333e+02
 2.62041667e+02
 2.62125000e+02
 2.62208333e+02
 2.62291667e+02
 2.62375000e+02
 2.62458333e+02
 2.62541667e+02
 2.62625000e+02
 2.62708333e+02
 2.62791667e+02
 2.62875000e+02
 2.62958333e+02
 2.63041667e+02
 2.63125000e+02
 2.63208333e+02
 2.63291667e+02
 2.63375000e+02
 2.63458333e+02
 2.63541667e+02
 2.63625000e+02
 2.63708333e+02
 2.63791667e+02
 2.63875000e+02
 2.63958333e+02
 2.64041667e+02
 2.64125000e+02
 2.64208333e+02
 2.64291667e+02
 2.64375000e+02
 2.64458333e+02
 2.64541667e+02
 2.64625000e+02
 2.64708333e+02
 2.64791667e+02
 2.64875000e+02
 2.64958333e+02
 2.65041667e+02
 2.65125000e+02
 2.65208333e+02
 2.65291667e+02
 2.65375000e+02
 2.65458333e+02
 2.65541667e+02
 2.65625000e+02
 2.65708333e+02
 2.65791667e+02
 2.65875000e+02
 2.65958333e+02
 2.66041667e+02
 2.66125000e+02
 2.66208333e+02
 2.66291667e+02
 2.66375000e+02
 2.66458333e+02
 2.66541667e+02
 2.66625000e+02
 2.66708333e+02
 2.66791667e+02
 2.66875000e+02
 2.66958333e+02
 2.67041667e+02
 2.67125000e+02
 2.67208333e+02
 2.67291667e+02
 2.67375000e+02
 2.67458333e+02
 2.67541667e+02
 2.67625000e+02
 2.67708333e+02
 2.67791667e+02
 2.67875000e+02
 2.67958333e+02
 2.68041667e+02
 2.68125000e+02
 2.68208333e+02
 2.68291667e+02
 2.68375000e+02
 2.68458333e+02
 2.68541667e+02
 2.68625000e+02
 2.68708333e+02
 2.68791667e+02
 2.68875000e+02
 2.68958333e+02
 2.69041667e+02
 2.69125000e+02
 2.69208333e+02
 2.69291667e+02
 2.69375000e+02
 2.69458333e+02
 2.69541667e+02
 2.69625000e+02
 2.69708333e+02
 2.69791667e+02
 2.69875000e+02
 2.69958333e+02
 2.70041667e+02
 2.70125000e+02
 2.70208333e+02
 2.70291667e+02
 2.70375000e+02
 2.70458333e+02
 2.70541667e+02
 2.70625000e+02
 2.70708333e+02
 2.70791667e+02
 2.70875000e+02
 2.70958333e+02
 2.71041667e+02
 2.71125000e+02
 2.71208333e+02
 2.71291667e+02
 2.71375000e+02
 2.71458333e+02
 2.71541667e+02
 2.71625000e+02
 2.71708333e+02
 2.71791667e+02
 2.71875000e+02
 2.71958333e+02
 2.72041667e+02
 2.72125000e+02
 2.72208333e+02
 2.72291667e+02
 2.72375000e+02
 2.72458333e+02
 2.72541667e+02
 2.72625000e+02
 2.72708333e+02
 2.72791667e+02
 2.72875000e+02
 2.72958333e+02
 2.73041667e+02
 2.73125000e+02
 2.73208333e+02
 2.73291667e+02
 2.73375000e+02
 2.73458333e+02
 2.73541667e+02
 2.73625000e+02
 2.73708333e+02
 2.73791667e+02
 2.73875000e+02
 2.73958333e+02
 2.74041667e+02
 2.74125000e+02
 2.74208333e+02
 2.74291667e+02
 2.74375000e+02
 2.74458333e+02
 2.74541667e+02
 2.74625000e+02
 2.74708333e+02
 2.74791667e+02
 2.74875000e+02
 2.74958333e+02
 2.75041667e+02
 2.75125000e+02
 2.75208333e+02
 2.75291667e+02
 2.75375000e+02
 2.75458333e+02
 2.75541667e+02
 2.75625000e+02
 2.75708333e+02
 2.75791667e+02
 2.75875000e+02
 2.75958333e+02
 2.76041667e+02
 2.76125000e+02
 2.76208333e+02
 2.76291667e+02
 2.76375000e+02
 2.76458333e+02
 2.76541667e+02
 2.76625000e+02
 2.76708333e+02
 2.76791667e+02
 2.76875000e+02
 2.76958333e+02
 2.77041667e+02
 2.77125000e+02
 2.77208333e+02
 2.77291667e+02
 2.77375000e+02
 2.77458333e+02
 2.77541667e+02
 2.77625000e+02
 2.77708333e+02
 2.77791667e+02
 2.77875000e+02
 2.77958333e+02
 2.78041667e+02
 2.78125000e+02
 2.78208333e+02
 2.78291667e+02
 2.78375000e+02
 2.78458333e+02
 2.78541667e+02
 2.78625000e+02
 2.78708333e+02
 2.78791667e+02
 2.78875000e+02
 2.78958333e+02
 2.79041667e+02
 2.79125000e+02
 2.79208333e+02
 2.79291667e+02
 2.79375000e+02
 2.79458333e+02
 2.79541667e+02
 2.79625000e+02
 2.79708333e+02
 2.79791667e+02
 2.79875000e+02
 2.79958333e+02
 2.80041667e+02
 2.80125000e+02
 2.80208333e+02
 2.80291667e+02
 2.80375000e+02
 2.80458333e+02
 2.80541667e+02
 2.80625000e+02
 2.80708333e+02
 2.80791667e+02
 2.80875000e+02
 2.80958333e+02
 2.81041667e+02
 2.81125000e+02
 2.81208333e+02
 2.81291667e+02
 2.81375000e+02
 2.81458333e+02
 2.81541667e+02
 2.81625000e+02
 2.81708333e+02
 2.81791667e+02
 2.81875000e+02
 2.81958333e+02
 2.82041667e+02
 2.82125000e+02
 2.82208333e+02
 2.82291667e+02
 2.82375000e+02
 2.82458333e+02
 2.82541667e+02
 2.82625000e+02
 2.82708333e+02
 2.82791667e+02
 2.82875000e+02
 2.82958333e+02
 2.83041667e+02
 2.83125000e+02
 2.83208333e+02
 2.83291667e+02
 2.83375000e+02
 2.83458333e+02
 2.83541667e+02
 2.83625000e+02
 2.83708333e+02
 2.83791667e+02
 2.83875000e+02
 2.83958333e+02
 2.84041667e+02
 2.84125000e+02
 2.84208333e+02
 2.84291667e+02
 2.84375000e+02
 2.84458333e+02
 2.84541667e+02
 2.84625000e+02
 2.84708333e+02
 2.84791667e+02
 2.84875000e+02
 2.84958333e+02
 2.85041667e+02
 2.85125000e+02
 2.85208333e+02
 2.85291667e+02
 2.85375000e+02
 2.85458333e+02
 2.85541667e+02
 2.85625000e+02
 2.85708333e+02
 2.85791667e+02
 2.85875000e+02
 2.85958333e+02
 2.86041667e+02
 2.86125000e+02
 2.86208333e+02
 2.86291667e+02
 2.86375000e+02
 2.86458333e+02
 2.86541667e+02
 2.86625000e+02
 2.86708333e+02
 2.86791667e+02
 2.86875000e+02
 2.86958333e+02
 2.87041667e+02
 2.87125000e+02
 2.87208333e+02
 2.87291667e+02
 2.87375000e+02
 2.87458333e+02
 2.87541667e+02
 2.87625000e+02
 2.87708333e+02
 2.87791667e+02
 2.87875000e+02
 2.87958333e+02
 2.88041667e+02
 2.88125000e+02
 2.88208333e+02
 2.88291667e+02
 2.88375000e+02
 2.88458333e+02
 2.88541667e+02
 2.88625000e+02
 2.88708333e+02
 2.88791667e+02
 2.88875000e+02
 2.88958333e+02
 2.89041667e+02
 2.89125000e+02
 2.89208333e+02
 2.89291667e+02
 2.89375000e+02
 2.89458333e+02
 2.89541667e+02
 2.89625000e+02
 2.89708333e+02
 2.89791667e+02
 2.89875000e+02
 2.89958333e+02
