 -5.99583333e+01
 -5.98750000e+01
 -5.97916667e+01
 -5.97083333e+01
 -5.96250000e+01
 -5.95416667e+01
 -5.94583333e+01
 -5.93750000e+01
 -5.92916667e+01
 -5.92083333e+01
 -5.91250000e+01
 -5.90416667e+01
 -5.89583333e+01
 -5.88750000e+01
 -5.87916667e+01
 -5.87083333e+01
 -5.86250000e+01
 -5.85416667e+01
 -5.84583333e+01
 -5.83750000e+01
 -5.82916667e+01
 -5.82083333e+01
 -5.81250000e+01
 -5.80416667e+01
 -5.79583333e+01
 -5.78750000e+01
 -5.77916667e+01
 -5.77083333e+01
 -5.76250000e+01
 -5.75416667e+01
 -5.74583333e+01
 -5.73750000e+01
 -5.72916667e+01
 -5.72083333e+01
 -5.71250000e+01
 -5.70416667e+01
 -5.69583333e+01
 -5.68750000e+01
 -5.67916667e+01
 -5.67083333e+01
 -5.66250000e+01
 -5.65416667e+01
 -5.64583333e+01
 -5.63750000e+01
 -5.62916667e+01
 -5.62083333e+01
 -5.61250000e+01
 -5.60416667e+01
 -5.59583333e+01
 -5.58750000e+01
 -5.57916667e+01
 -5.57083333e+01
 -5.56250000e+01
 -5.55416667e+01
 -5.54583333e+01
 -5.53750000e+01
 -5.52916667e+01
 -5.52083333e+01
 -5.51250000e+01
 -5.50416667e+01
 -5.49583333e+01
 -5.48750000e+01
 -5.47916667e+01
 -5.47083333e+01
 -5.46250000e+01
 -5.45416667e+01
 -5.44583333e+01
 -5.43750000e+01
 -5.42916667e+01
 -5.42083333e+01
 -5.41250000e+01
 -5.40416667e+01
 -5.39583333e+01
 -5.38750000e+01
 -5.37916667e+01
 -5.37083333e+01
 -5.36250000e+01
 -5.35416667e+01
 -5.34583333e+01
 -5.33750000e+01
 -5.32916667e+01
 -5.32083333e+01
 -5.31250000e+01
 -5.30416667e+01
 -5.29583333e+01
 -5.28750000e+01
 -5.27916667e+01
 -5.27083333e+01
 -5.26250000e+01
 -5.25416667e+01
 -5.24583333e+01
 -5.23750000e+01
 -5.22916667e+01
 -5.22083333e+01
 -5.21250000e+01
 -5.20416667e+01
 -5.19583333e+01
 -5.18750000e+01
 -5.17916667e+01
 -5.17083333e+01
 -5.16250000e+01
 -5.15416667e+01
 -5.14583333e+01
 -5.13750000e+01
 -5.12916667e+01
 -5.12083333e+01
 -5.11250000e+01
 -5.10416667e+01
 -5.09583333e+01
 -5.08750000e+01
 -5.07916667e+01
 -5.07083333e+01
 -5.06250000e+01
 -5.05416667e+01
 -5.04583333e+01
 -5.03750000e+01
 -5.02916667e+01
 -5.02083333e+01
 -5.01250000e+01
 -5.00416667e+01
 -4.99583333e+01
 -4.98750000e+01
 -4.97916667e+01
 -4.97083333e+01
 -4.96250000e+01
 -4.95416667e+01
 -4.94583333e+01
 -4.93750000e+01
 -4.92916667e+01
 -4.92083333e+01
 -4.91250000e+01
 -4.90416667e+01
 -4.89583333e+01
 -4.88750000e+01
 -4.87916667e+01
 -4.87083333e+01
 -4.86250000e+01
 -4.85416667e+01
 -4.84583333e+01
 -4.83750000e+01
 -4.82916667e+01
 -4.82083333e+01
 -4.81250000e+01
 -4.80416667e+01
 -4.79583333e+01
 -4.78750000e+01
 -4.77916667e+01
 -4.77083333e+01
 -4.76250000e+01
 -4.75416667e+01
 -4.74583333e+01
 -4.73750000e+01
 -4.72916667e+01
 -4.72083333e+01
 -4.71250000e+01
 -4.70416667e+01
 -4.69583333e+01
 -4.68750000e+01
 -4.67916667e+01
 -4.67083333e+01
 -4.66250000e+01
 -4.65416667e+01
 -4.64583333e+01
 -4.63750000e+01
 -4.62916667e+01
 -4.62083333e+01
 -4.61250000e+01
 -4.60416667e+01
 -4.59583333e+01
 -4.58750000e+01
 -4.57916667e+01
 -4.57083333e+01
 -4.56250000e+01
 -4.55416667e+01
 -4.54583333e+01
 -4.53750000e+01
 -4.52916667e+01
 -4.52083333e+01
 -4.51250000e+01
 -4.50416667e+01
 -4.49583333e+01
 -4.48750000e+01
 -4.47916667e+01
 -4.47083333e+01
 -4.46250000e+01
 -4.45416667e+01
 -4.44583333e+01
 -4.43750000e+01
 -4.42916667e+01
 -4.42083333e+01
 -4.41250000e+01
 -4.40416667e+01
 -4.39583333e+01
 -4.38750000e+01
 -4.37916667e+01
 -4.37083333e+01
 -4.36250000e+01
 -4.35416667e+01
 -4.34583333e+01
 -4.33750000e+01
 -4.32916667e+01
 -4.32083333e+01
 -4.31250000e+01
 -4.30416667e+01
 -4.29583333e+01
 -4.28750000e+01
 -4.27916667e+01
 -4.27083333e+01
 -4.26250000e+01
 -4.25416667e+01
 -4.24583333e+01
 -4.23750000e+01
 -4.22916667e+01
 -4.22083333e+01
 -4.21250000e+01
 -4.20416667e+01
 -4.19583333e+01
 -4.18750000e+01
 -4.17916667e+01
 -4.17083333e+01
 -4.16250000e+01
 -4.15416667e+01
 -4.14583333e+01
 -4.13750000e+01
 -4.12916667e+01
 -4.12083333e+01
 -4.11250000e+01
 -4.10416667e+01
 -4.09583333e+01
 -4.08750000e+01
 -4.07916667e+01
 -4.07083333e+01
 -4.06250000e+01
 -4.05416667e+01
 -4.04583333e+01
 -4.03750000e+01
 -4.02916667e+01
 -4.02083333e+01
 -4.01250000e+01
 -4.00416667e+01
 -3.99583333e+01
 -3.98750000e+01
 -3.97916667e+01
 -3.97083333e+01
 -3.96250000e+01
 -3.95416667e+01
 -3.94583333e+01
 -3.93750000e+01
 -3.92916667e+01
 -3.92083333e+01
 -3.91250000e+01
 -3.90416667e+01
 -3.89583333e+01
 -3.88750000e+01
 -3.87916667e+01
 -3.87083333e+01
 -3.86250000e+01
 -3.85416667e+01
 -3.84583333e+01
 -3.83750000e+01
 -3.82916667e+01
 -3.82083333e+01
 -3.81250000e+01
 -3.80416667e+01
 -3.79583333e+01
 -3.78750000e+01
 -3.77916667e+01
 -3.77083333e+01
 -3.76250000e+01
 -3.75416667e+01
 -3.74583333e+01
 -3.73750000e+01
 -3.72916667e+01
 -3.72083333e+01
 -3.71250000e+01
 -3.70416667e+01
 -3.69583333e+01
 -3.68750000e+01
 -3.67916667e+01
 -3.67083333e+01
 -3.66250000e+01
 -3.65416667e+01
 -3.64583333e+01
 -3.63750000e+01
 -3.62916667e+01
 -3.62083333e+01
 -3.61250000e+01
 -3.60416667e+01
 -3.59583333e+01
 -3.58750000e+01
 -3.57916667e+01
 -3.57083333e+01
 -3.56250000e+01
 -3.55416667e+01
 -3.54583333e+01
 -3.53750000e+01
 -3.52916667e+01
 -3.52083333e+01
 -3.51250000e+01
 -3.50416667e+01
 -3.49583333e+01
 -3.48750000e+01
 -3.47916667e+01
 -3.47083333e+01
 -3.46250000e+01
 -3.45416667e+01
 -3.44583333e+01
 -3.43750000e+01
 -3.42916667e+01
 -3.42083333e+01
 -3.41250000e+01
 -3.40416667e+01
 -3.39583333e+01
 -3.38750000e+01
 -3.37916667e+01
 -3.37083333e+01
 -3.36250000e+01
 -3.35416667e+01
 -3.34583333e+01
 -3.33750000e+01
 -3.32916667e+01
 -3.32083333e+01
 -3.31250000e+01
 -3.30416667e+01
 -3.29583333e+01
 -3.28750000e+01
 -3.27916667e+01
 -3.27083333e+01
 -3.26250000e+01
 -3.25416667e+01
 -3.24583333e+01
 -3.23750000e+01
 -3.22916667e+01
 -3.22083333e+01
 -3.21250000e+01
 -3.20416667e+01
 -3.19583333e+01
 -3.18750000e+01
 -3.17916667e+01
 -3.17083333e+01
 -3.16250000e+01
 -3.15416667e+01
 -3.14583333e+01
 -3.13750000e+01
 -3.12916667e+01
 -3.12083333e+01
 -3.11250000e+01
 -3.10416667e+01
 -3.09583333e+01
 -3.08750000e+01
 -3.07916667e+01
 -3.07083333e+01
 -3.06250000e+01
 -3.05416667e+01
 -3.04583333e+01
 -3.03750000e+01
 -3.02916667e+01
 -3.02083333e+01
 -3.01250000e+01
 -3.00416667e+01
 -2.99583333e+01
 -2.98750000e+01
 -2.97916667e+01
 -2.97083333e+01
 -2.96250000e+01
 -2.95416667e+01
 -2.94583333e+01
 -2.93750000e+01
 -2.92916667e+01
 -2.92083333e+01
 -2.91250000e+01
 -2.90416667e+01
 -2.89583333e+01
 -2.88750000e+01
 -2.87916667e+01
 -2.87083333e+01
 -2.86250000e+01
 -2.85416667e+01
 -2.84583333e+01
 -2.83750000e+01
 -2.82916667e+01
 -2.82083333e+01
 -2.81250000e+01
 -2.80416667e+01
 -2.79583333e+01
 -2.78750000e+01
 -2.77916667e+01
 -2.77083333e+01
 -2.76250000e+01
 -2.75416667e+01
 -2.74583333e+01
 -2.73750000e+01
 -2.72916667e+01
 -2.72083333e+01
 -2.71250000e+01
 -2.70416667e+01
 -2.69583333e+01
 -2.68750000e+01
 -2.67916667e+01
 -2.67083333e+01
 -2.66250000e+01
 -2.65416667e+01
 -2.64583333e+01
 -2.63750000e+01
 -2.62916667e+01
 -2.62083333e+01
 -2.61250000e+01
 -2.60416667e+01
 -2.59583333e+01
 -2.58750000e+01
 -2.57916667e+01
 -2.57083333e+01
 -2.56250000e+01
 -2.55416667e+01
 -2.54583333e+01
 -2.53750000e+01
 -2.52916667e+01
 -2.52083333e+01
 -2.51250000e+01
 -2.50416667e+01
 -2.49583333e+01
 -2.48750000e+01
 -2.47916667e+01
 -2.47083333e+01
 -2.46250000e+01
 -2.45416667e+01
 -2.44583333e+01
 -2.43750000e+01
 -2.42916667e+01
 -2.42083333e+01
 -2.41250000e+01
 -2.40416667e+01
 -2.39583333e+01
 -2.38750000e+01
 -2.37916667e+01
 -2.37083333e+01
 -2.36250000e+01
 -2.35416667e+01
 -2.34583333e+01
 -2.33750000e+01
 -2.32916667e+01
 -2.32083333e+01
 -2.31250000e+01
 -2.30416667e+01
 -2.29583333e+01
 -2.28750000e+01
 -2.27916667e+01
 -2.27083333e+01
 -2.26250000e+01
 -2.25416667e+01
 -2.24583333e+01
 -2.23750000e+01
 -2.22916667e+01
 -2.22083333e+01
 -2.21250000e+01
 -2.20416667e+01
 -2.19583333e+01
 -2.18750000e+01
 -2.17916667e+01
 -2.17083333e+01
 -2.16250000e+01
 -2.15416667e+01
 -2.14583333e+01
 -2.13750000e+01
 -2.12916667e+01
 -2.12083333e+01
 -2.11250000e+01
 -2.10416667e+01
 -2.09583333e+01
 -2.08750000e+01
 -2.07916667e+01
 -2.07083333e+01
 -2.06250000e+01
 -2.05416667e+01
 -2.04583333e+01
 -2.03750000e+01
 -2.02916667e+01
 -2.02083333e+01
 -2.01250000e+01
 -2.00416667e+01
 -1.99583333e+01
 -1.98750000e+01
 -1.97916667e+01
 -1.97083333e+01
 -1.96250000e+01
 -1.95416667e+01
 -1.94583333e+01
 -1.93750000e+01
 -1.92916667e+01
 -1.92083333e+01
 -1.91250000e+01
 -1.90416667e+01
 -1.89583333e+01
 -1.88750000e+01
 -1.87916667e+01
 -1.87083333e+01
 -1.86250000e+01
 -1.85416667e+01
 -1.84583333e+01
 -1.83750000e+01
 -1.82916667e+01
 -1.82083333e+01
 -1.81250000e+01
 -1.80416667e+01
 -1.79583333e+01
 -1.78750000e+01
 -1.77916667e+01
 -1.77083333e+01
 -1.76250000e+01
 -1.75416667e+01
 -1.74583333e+01
 -1.73750000e+01
 -1.72916667e+01
 -1.72083333e+01
 -1.71250000e+01
 -1.70416667e+01
 -1.69583333e+01
 -1.68750000e+01
 -1.67916667e+01
 -1.67083333e+01
 -1.66250000e+01
 -1.65416667e+01
 -1.64583333e+01
 -1.63750000e+01
 -1.62916667e+01
 -1.62083333e+01
 -1.61250000e+01
 -1.60416667e+01
 -1.59583333e+01
 -1.58750000e+01
 -1.57916667e+01
 -1.57083333e+01
 -1.56250000e+01
 -1.55416667e+01
 -1.54583333e+01
 -1.53750000e+01
 -1.52916667e+01
 -1.52083333e+01
 -1.51250000e+01
 -1.50416667e+01
 -1.49583333e+01
 -1.48750000e+01
 -1.47916667e+01
 -1.47083333e+01
 -1.46250000e+01
 -1.45416667e+01
 -1.44583333e+01
 -1.43750000e+01
 -1.42916667e+01
 -1.42083333e+01
 -1.41250000e+01
 -1.40416667e+01
 -1.39583333e+01
 -1.38750000e+01
 -1.37916667e+01
 -1.37083333e+01
 -1.36250000e+01
 -1.35416667e+01
 -1.34583333e+01
 -1.33750000e+01
 -1.32916667e+01
 -1.32083333e+01
 -1.31250000e+01
 -1.30416667e+01
 -1.29583333e+01
 -1.28750000e+01
 -1.27916667e+01
 -1.27083333e+01
 -1.26250000e+01
 -1.25416667e+01
 -1.24583333e+01
 -1.23750000e+01
 -1.22916667e+01
 -1.22083333e+01
 -1.21250000e+01
 -1.20416667e+01
 -1.19583333e+01
 -1.18750000e+01
 -1.17916667e+01
 -1.17083333e+01
 -1.16250000e+01
 -1.15416667e+01
 -1.14583333e+01
 -1.13750000e+01
 -1.12916667e+01
 -1.12083333e+01
 -1.11250000e+01
 -1.10416667e+01
 -1.09583333e+01
 -1.08750000e+01
 -1.07916667e+01
 -1.07083333e+01
 -1.06250000e+01
 -1.05416667e+01
 -1.04583333e+01
 -1.03750000e+01
 -1.02916667e+01
 -1.02083333e+01
 -1.01250000e+01
 -1.00416667e+01
 -9.95833333e+00
 -9.87500000e+00
 -9.79166667e+00
 -9.70833333e+00
 -9.62500000e+00
 -9.54166667e+00
 -9.45833333e+00
 -9.37500000e+00
 -9.29166667e+00
 -9.20833333e+00
 -9.12500000e+00
 -9.04166667e+00
 -8.95833333e+00
 -8.87500000e+00
 -8.79166667e+00
 -8.70833333e+00
 -8.62500000e+00
 -8.54166667e+00
 -8.45833333e+00
 -8.37500000e+00
 -8.29166667e+00
 -8.20833333e+00
 -8.12500000e+00
 -8.04166667e+00
 -7.95833333e+00
 -7.87500000e+00
 -7.79166667e+00
 -7.70833333e+00
 -7.62500000e+00
 -7.54166667e+00
 -7.45833333e+00
 -7.37500000e+00
 -7.29166667e+00
 -7.20833333e+00
 -7.12500000e+00
 -7.04166667e+00
 -6.95833333e+00
 -6.87500000e+00
 -6.79166667e+00
 -6.70833333e+00
 -6.62500000e+00
 -6.54166667e+00
 -6.45833333e+00
 -6.37500000e+00
 -6.29166667e+00
 -6.20833333e+00
 -6.12500000e+00
 -6.04166667e+00
 -5.95833333e+00
 -5.87500000e+00
 -5.79166667e+00
 -5.70833333e+00
 -5.62500000e+00
 -5.54166667e+00
 -5.45833333e+00
 -5.37500000e+00
 -5.29166667e+00
 -5.20833333e+00
 -5.12500000e+00
 -5.04166667e+00
 -4.95833333e+00
 -4.87500000e+00
 -4.79166667e+00
 -4.70833333e+00
 -4.62500000e+00
 -4.54166667e+00
 -4.45833333e+00
 -4.37500000e+00
 -4.29166667e+00
 -4.20833333e+00
 -4.12500000e+00
 -4.04166667e+00
 -3.95833333e+00
 -3.87500000e+00
 -3.79166667e+00
 -3.70833333e+00
 -3.62500000e+00
 -3.54166667e+00
 -3.45833333e+00
 -3.37500000e+00
 -3.29166667e+00
 -3.20833333e+00
 -3.12500000e+00
 -3.04166667e+00
 -2.95833333e+00
 -2.87500000e+00
 -2.79166667e+00
 -2.70833333e+00
 -2.62500000e+00
 -2.54166667e+00
 -2.45833333e+00
 -2.37500000e+00
 -2.29166667e+00
 -2.20833333e+00
 -2.12500000e+00
 -2.04166667e+00
 -1.95833333e+00
 -1.87500000e+00
 -1.79166667e+00
 -1.70833333e+00
 -1.62500000e+00
 -1.54166667e+00
 -1.45833333e+00
 -1.37500000e+00
 -1.29166667e+00
 -1.20833333e+00
 -1.12500000e+00
 -1.04166667e+00
 -9.58333333e-01
 -8.75000000e-01
 -7.91666667e-01
 -7.08333333e-01
 -6.25000000e-01
 -5.41666667e-01
 -4.58333333e-01
 -3.75000000e-01
 -2.91666667e-01
 -2.08333333e-01
 -1.25000000e-01
 -4.16666667e-02
 4.16666667e-02
 1.25000000e-01
 2.08333333e-01
 2.91666667e-01
 3.75000000e-01
 4.58333333e-01
 5.41666667e-01
 6.25000000e-01
 7.08333333e-01
 7.91666667e-01
 8.75000000e-01
 9.58333333e-01
 1.04166667e+00
 1.12500000e+00
 1.20833333e+00
 1.29166667e+00
 1.37500000e+00
 1.45833333e+00
 1.54166667e+00
 1.62500000e+00
 1.70833333e+00
 1.79166667e+00
 1.87500000e+00
 1.95833333e+00
 2.04166667e+00
 2.12500000e+00
 2.20833333e+00
 2.29166667e+00
 2.37500000e+00
 2.45833333e+00
 2.54166667e+00
 2.62500000e+00
 2.70833333e+00
 2.79166667e+00
 2.87500000e+00
 2.95833333e+00
 3.04166667e+00
 3.12500000e+00
 3.20833333e+00
 3.29166667e+00
 3.37500000e+00
 3.45833333e+00
 3.54166667e+00
 3.62500000e+00
 3.70833333e+00
 3.79166667e+00
 3.87500000e+00
 3.95833333e+00
 4.04166667e+00
 4.12500000e+00
 4.20833333e+00
 4.29166667e+00
 4.37500000e+00
 4.45833333e+00
 4.54166667e+00
 4.62500000e+00
 4.70833333e+00
 4.79166667e+00
 4.87500000e+00
 4.95833333e+00
 5.04166667e+00
 5.12500000e+00
 5.20833333e+00
 5.29166667e+00
 5.37500000e+00
 5.45833333e+00
 5.54166667e+00
 5.62500000e+00
 5.70833333e+00
 5.79166667e+00
 5.87500000e+00
 5.95833333e+00
 6.04166667e+00
 6.12500000e+00
 6.20833333e+00
 6.29166667e+00
 6.37500000e+00
 6.45833333e+00
 6.54166667e+00
 6.62500000e+00
 6.70833333e+00
 6.79166667e+00
 6.87500000e+00
 6.95833333e+00
 7.04166667e+00
 7.12500000e+00
 7.20833333e+00
 7.29166667e+00
 7.37500000e+00
 7.45833333e+00
 7.54166667e+00
 7.62500000e+00
 7.70833333e+00
 7.79166667e+00
 7.87500000e+00
 7.95833333e+00
 8.04166667e+00
 8.12500000e+00
 8.20833333e+00
 8.29166667e+00
 8.37500000e+00
 8.45833333e+00
 8.54166667e+00
 8.62500000e+00
 8.70833333e+00
 8.79166667e+00
 8.87500000e+00
 8.95833333e+00
 9.04166667e+00
 9.12500000e+00
 9.20833333e+00
 9.29166667e+00
 9.37500000e+00
 9.45833333e+00
 9.54166667e+00
 9.62500000e+00
 9.70833333e+00
 9.79166667e+00
 9.87500000e+00
 9.95833333e+00
 1.00416667e+01
 1.01250000e+01
 1.02083333e+01
 1.02916667e+01
 1.03750000e+01
 1.04583333e+01
 1.05416667e+01
 1.06250000e+01
 1.07083333e+01
 1.07916667e+01
 1.08750000e+01
 1.09583333e+01
 1.10416667e+01
 1.11250000e+01
 1.12083333e+01
 1.12916667e+01
 1.13750000e+01
 1.14583333e+01
 1.15416667e+01
 1.16250000e+01
 1.17083333e+01
 1.17916667e+01
 1.18750000e+01
 1.19583333e+01
 1.20416667e+01
 1.21250000e+01
 1.22083333e+01
 1.22916667e+01
 1.23750000e+01
 1.24583333e+01
 1.25416667e+01
 1.26250000e+01
 1.27083333e+01
 1.27916667e+01
 1.28750000e+01
 1.29583333e+01
 1.30416667e+01
 1.31250000e+01
 1.32083333e+01
 1.32916667e+01
 1.33750000e+01
 1.34583333e+01
 1.35416667e+01
 1.36250000e+01
 1.37083333e+01
 1.37916667e+01
 1.38750000e+01
 1.39583333e+01
 1.40416667e+01
 1.41250000e+01
 1.42083333e+01
 1.42916667e+01
 1.43750000e+01
 1.44583333e+01
 1.45416667e+01
 1.46250000e+01
 1.47083333e+01
 1.47916667e+01
 1.48750000e+01
 1.49583333e+01
 1.50416667e+01
 1.51250000e+01
 1.52083333e+01
 1.52916667e+01
 1.53750000e+01
 1.54583333e+01
 1.55416667e+01
 1.56250000e+01
 1.57083333e+01
 1.57916667e+01
 1.58750000e+01
 1.59583333e+01
 1.60416667e+01
 1.61250000e+01
 1.62083333e+01
 1.62916667e+01
 1.63750000e+01
 1.64583333e+01
 1.65416667e+01
 1.66250000e+01
 1.67083333e+01
 1.67916667e+01
 1.68750000e+01
 1.69583333e+01
 1.70416667e+01
 1.71250000e+01
 1.72083333e+01
 1.72916667e+01
 1.73750000e+01
 1.74583333e+01
 1.75416667e+01
 1.76250000e+01
 1.77083333e+01
 1.77916667e+01
 1.78750000e+01
 1.79583333e+01
 1.80416667e+01
 1.81250000e+01
 1.82083333e+01
 1.82916667e+01
 1.83750000e+01
 1.84583333e+01
 1.85416667e+01
 1.86250000e+01
 1.87083333e+01
 1.87916667e+01
 1.88750000e+01
 1.89583333e+01
 1.90416667e+01
 1.91250000e+01
 1.92083333e+01
 1.92916667e+01
 1.93750000e+01
 1.94583333e+01
 1.95416667e+01
 1.96250000e+01
 1.97083333e+01
 1.97916667e+01
 1.98750000e+01
 1.99583333e+01
 2.00416667e+01
 2.01250000e+01
 2.02083333e+01
 2.02916667e+01
 2.03750000e+01
 2.04583333e+01
 2.05416667e+01
 2.06250000e+01
 2.07083333e+01
 2.07916667e+01
 2.08750000e+01
 2.09583333e+01
 2.10416667e+01
 2.11250000e+01
 2.12083333e+01
 2.12916667e+01
 2.13750000e+01
 2.14583333e+01
 2.15416667e+01
 2.16250000e+01
 2.17083333e+01
 2.17916667e+01
 2.18750000e+01
 2.19583333e+01
 2.20416667e+01
 2.21250000e+01
 2.22083333e+01
 2.22916667e+01
 2.23750000e+01
 2.24583333e+01
 2.25416667e+01
 2.26250000e+01
 2.27083333e+01
 2.27916667e+01
 2.28750000e+01
 2.29583333e+01
 2.30416667e+01
 2.31250000e+01
 2.32083333e+01
 2.32916667e+01
 2.33750000e+01
 2.34583333e+01
 2.35416667e+01
 2.36250000e+01
 2.37083333e+01
 2.37916667e+01
 2.38750000e+01
 2.39583333e+01
 2.40416667e+01
 2.41250000e+01
 2.42083333e+01
 2.42916667e+01
 2.43750000e+01
 2.44583333e+01
 2.45416667e+01
 2.46250000e+01
 2.47083333e+01
 2.47916667e+01
 2.48750000e+01
 2.49583333e+01
 2.50416667e+01
 2.51250000e+01
 2.52083333e+01
 2.52916667e+01
 2.53750000e+01
 2.54583333e+01
 2.55416667e+01
 2.56250000e+01
 2.57083333e+01
 2.57916667e+01
 2.58750000e+01
 2.59583333e+01
 2.60416667e+01
 2.61250000e+01
 2.62083333e+01
 2.62916667e+01
 2.63750000e+01
 2.64583333e+01
 2.65416667e+01
 2.66250000e+01
 2.67083333e+01
 2.67916667e+01
 2.68750000e+01
 2.69583333e+01
 2.70416667e+01
 2.71250000e+01
 2.72083333e+01
 2.72916667e+01
 2.73750000e+01
 2.74583333e+01
 2.75416667e+01
 2.76250000e+01
 2.77083333e+01
 2.77916667e+01
 2.78750000e+01
 2.79583333e+01
 2.80416667e+01
 2.81250000e+01
 2.82083333e+01
 2.82916667e+01
 2.83750000e+01
 2.84583333e+01
 2.85416667e+01
 2.86250000e+01
 2.87083333e+01
 2.87916667e+01
 2.88750000e+01
 2.89583333e+01
 2.90416667e+01
 2.91250000e+01
 2.92083333e+01
 2.92916667e+01
 2.93750000e+01
 2.94583333e+01
 2.95416667e+01
 2.96250000e+01
 2.97083333e+01
 2.97916667e+01
 2.98750000e+01
 2.99583333e+01
 3.00416667e+01
 3.01250000e+01
 3.02083333e+01
 3.02916667e+01
 3.03750000e+01
 3.04583333e+01
 3.05416667e+01
 3.06250000e+01
 3.07083333e+01
 3.07916667e+01
 3.08750000e+01
 3.09583333e+01
 3.10416667e+01
 3.11250000e+01
 3.12083333e+01
 3.12916667e+01
 3.13750000e+01
 3.14583333e+01
 3.15416667e+01
 3.16250000e+01
 3.17083333e+01
 3.17916667e+01
 3.18750000e+01
 3.19583333e+01
 3.20416667e+01
 3.21250000e+01
 3.22083333e+01
 3.22916667e+01
 3.23750000e+01
 3.24583333e+01
 3.25416667e+01
 3.26250000e+01
 3.27083333e+01
 3.27916667e+01
 3.28750000e+01
 3.29583333e+01
 3.30416667e+01
 3.31250000e+01
 3.32083333e+01
 3.32916667e+01
 3.33750000e+01
 3.34583333e+01
 3.35416667e+01
 3.36250000e+01
 3.37083333e+01
 3.37916667e+01
 3.38750000e+01
 3.39583333e+01
 3.40416667e+01
 3.41250000e+01
 3.42083333e+01
 3.42916667e+01
 3.43750000e+01
 3.44583333e+01
 3.45416667e+01
 3.46250000e+01
 3.47083333e+01
 3.47916667e+01
 3.48750000e+01
 3.49583333e+01
 3.50416667e+01
 3.51250000e+01
 3.52083333e+01
 3.52916667e+01
 3.53750000e+01
 3.54583333e+01
 3.55416667e+01
 3.56250000e+01
 3.57083333e+01
 3.57916667e+01
 3.58750000e+01
 3.59583333e+01
 3.60416667e+01
 3.61250000e+01
 3.62083333e+01
 3.62916667e+01
 3.63750000e+01
 3.64583333e+01
 3.65416667e+01
 3.66250000e+01
 3.67083333e+01
 3.67916667e+01
 3.68750000e+01
 3.69583333e+01
 3.70416667e+01
 3.71250000e+01
 3.72083333e+01
 3.72916667e+01
 3.73750000e+01
 3.74583333e+01
 3.75416667e+01
 3.76250000e+01
 3.77083333e+01
 3.77916667e+01
 3.78750000e+01
 3.79583333e+01
 3.80416667e+01
 3.81250000e+01
 3.82083333e+01
 3.82916667e+01
 3.83750000e+01
 3.84583333e+01
 3.85416667e+01
 3.86250000e+01
 3.87083333e+01
 3.87916667e+01
 3.88750000e+01
 3.89583333e+01
 3.90416667e+01
 3.91250000e+01
 3.92083333e+01
 3.92916667e+01
 3.93750000e+01
 3.94583333e+01
 3.95416667e+01
 3.96250000e+01
 3.97083333e+01
 3.97916667e+01
 3.98750000e+01
 3.99583333e+01
 4.00416667e+01
 4.01250000e+01
 4.02083333e+01
 4.02916667e+01
 4.03750000e+01
 4.04583333e+01
 4.05416667e+01
 4.06250000e+01
 4.07083333e+01
 4.07916667e+01
 4.08750000e+01
 4.09583333e+01
 4.10416667e+01
 4.11250000e+01
 4.12083333e+01
 4.12916667e+01
 4.13750000e+01
 4.14583333e+01
 4.15416667e+01
 4.16250000e+01
 4.17083333e+01
 4.17916667e+01
 4.18750000e+01
 4.19583333e+01
 4.20416667e+01
 4.21250000e+01
 4.22083333e+01
 4.22916667e+01
 4.23750000e+01
 4.24583333e+01
 4.25416667e+01
 4.26250000e+01
 4.27083333e+01
 4.27916667e+01
 4.28750000e+01
 4.29583333e+01
 4.30416667e+01
 4.31250000e+01
 4.32083333e+01
 4.32916667e+01
 4.33750000e+01
 4.34583333e+01
 4.35416667e+01
 4.36250000e+01
 4.37083333e+01
 4.37916667e+01
 4.38750000e+01
 4.39583333e+01
 4.40416667e+01
 4.41250000e+01
 4.42083333e+01
 4.42916667e+01
 4.43750000e+01
 4.44583333e+01
 4.45416667e+01
 4.46250000e+01
 4.47083333e+01
 4.47916667e+01
 4.48750000e+01
 4.49583333e+01
 4.50416667e+01
 4.51250000e+01
 4.52083333e+01
 4.52916667e+01
 4.53750000e+01
 4.54583333e+01
 4.55416667e+01
 4.56250000e+01
 4.57083333e+01
 4.57916667e+01
 4.58750000e+01
 4.59583333e+01
 4.60416667e+01
 4.61250000e+01
 4.62083333e+01
 4.62916667e+01
 4.63750000e+01
 4.64583333e+01
 4.65416667e+01
 4.66250000e+01
 4.67083333e+01
 4.67916667e+01
 4.68750000e+01
 4.69583333e+01
 4.70416667e+01
 4.71250000e+01
 4.72083333e+01
 4.72916667e+01
 4.73750000e+01
 4.74583333e+01
 4.75416667e+01
 4.76250000e+01
 4.77083333e+01
 4.77916667e+01
 4.78750000e+01
 4.79583333e+01
 4.80416667e+01
 4.81250000e+01
 4.82083333e+01
 4.82916667e+01
 4.83750000e+01
 4.84583333e+01
 4.85416667e+01
 4.86250000e+01
 4.87083333e+01
 4.87916667e+01
 4.88750000e+01
 4.89583333e+01
 4.90416667e+01
 4.91250000e+01
 4.92083333e+01
 4.92916667e+01
 4.93750000e+01
 4.94583333e+01
 4.95416667e+01
 4.96250000e+01
 4.97083333e+01
 4.97916667e+01
 4.98750000e+01
 4.99583333e+01
 5.00416667e+01
 5.01250000e+01
 5.02083333e+01
 5.02916667e+01
 5.03750000e+01
 5.04583333e+01
 5.05416667e+01
 5.06250000e+01
 5.07083333e+01
 5.07916667e+01
 5.08750000e+01
 5.09583333e+01
 5.10416667e+01
 5.11250000e+01
 5.12083333e+01
 5.12916667e+01
 5.13750000e+01
 5.14583333e+01
 5.15416667e+01
 5.16250000e+01
 5.17083333e+01
 5.17916667e+01
 5.18750000e+01
 5.19583333e+01
 5.20416667e+01
 5.21250000e+01
 5.22083333e+01
 5.22916667e+01
 5.23750000e+01
 5.24583333e+01
 5.25416667e+01
 5.26250000e+01
 5.27083333e+01
 5.27916667e+01
 5.28750000e+01
 5.29583333e+01
 5.30416667e+01
 5.31250000e+01
 5.32083333e+01
 5.32916667e+01
 5.33750000e+01
 5.34583333e+01
 5.35416667e+01
 5.36250000e+01
 5.37083333e+01
 5.37916667e+01
 5.38750000e+01
 5.39583333e+01
 5.40416667e+01
 5.41250000e+01
 5.42083333e+01
 5.42916667e+01
 5.43750000e+01
 5.44583333e+01
 5.45416667e+01
 5.46250000e+01
 5.47083333e+01
 5.47916667e+01
 5.48750000e+01
 5.49583333e+01
 5.50416667e+01
 5.51250000e+01
 5.52083333e+01
 5.52916667e+01
 5.53750000e+01
 5.54583333e+01
 5.55416667e+01
 5.56250000e+01
 5.57083333e+01
 5.57916667e+01
 5.58750000e+01
 5.59583333e+01
 5.60416667e+01
 5.61250000e+01
 5.62083333e+01
 5.62916667e+01
 5.63750000e+01
 5.64583333e+01
 5.65416667e+01
 5.66250000e+01
 5.67083333e+01
 5.67916667e+01
 5.68750000e+01
 5.69583333e+01
 5.70416667e+01
 5.71250000e+01
 5.72083333e+01
 5.72916667e+01
 5.73750000e+01
 5.74583333e+01
 5.75416667e+01
 5.76250000e+01
 5.77083333e+01
 5.77916667e+01
 5.78750000e+01
 5.79583333e+01
 5.80416667e+01
 5.81250000e+01
 5.82083333e+01
 5.82916667e+01
 5.83750000e+01
 5.84583333e+01
 5.85416667e+01
 5.86250000e+01
 5.87083333e+01
 5.87916667e+01
 5.88750000e+01
 5.89583333e+01
 5.90416667e+01
 5.91250000e+01
 5.92083333e+01
 5.92916667e+01
 5.93750000e+01
 5.94583333e+01
 5.95416667e+01
 5.96250000e+01
 5.97083333e+01
 5.97916667e+01
 5.98750000e+01
 5.99583333e+01
 6.00416667e+01
