 1.28027778e+02
 1.28094444e+02
 1.28161111e+02
 1.28227778e+02
 1.28294444e+02
 1.28361111e+02
 1.28427778e+02
 1.28494444e+02
 1.28561111e+02
 1.28627778e+02
 1.28694444e+02
 1.28761111e+02
 1.28827778e+02
 1.28894444e+02
 1.28961111e+02
 1.29027778e+02
 1.29094444e+02
 1.29161111e+02
 1.29227778e+02
 1.29294444e+02
 1.29361111e+02
 1.29427778e+02
 1.29494444e+02
 1.29561111e+02
 1.29627778e+02
 1.29694444e+02
 1.29761111e+02
 1.29827778e+02
 1.29894444e+02
 1.29961111e+02
 1.30027778e+02
 1.30094444e+02
 1.30161111e+02
 1.30227778e+02
 1.30294444e+02
 1.30361111e+02
 1.30427778e+02
 1.30494444e+02
 1.30561111e+02
 1.30627778e+02
 1.30694444e+02
 1.30761111e+02
 1.30827778e+02
 1.30894444e+02
 1.30961111e+02
 1.31027778e+02
 1.31094444e+02
 1.31161111e+02
 1.31227778e+02
 1.31294444e+02
 1.31361111e+02
 1.31427778e+02
 1.31494444e+02
 1.31561111e+02
 1.31627778e+02
 1.31694444e+02
 1.31761111e+02
 1.31827778e+02
 1.31894444e+02
 1.31961111e+02
 1.32027778e+02
 1.32094444e+02
 1.32161111e+02
 1.32227778e+02
 1.32294444e+02
 1.32361111e+02
 1.32427778e+02
 1.32494444e+02
 1.32561111e+02
 1.32627778e+02
 1.32694444e+02
 1.32761111e+02
 1.32827778e+02
 1.32894444e+02
 1.32961111e+02
 1.33027778e+02
 1.33094444e+02
 1.33161111e+02
 1.33227778e+02
 1.33294444e+02
 1.33361111e+02
 1.33427778e+02
 1.33494444e+02
 1.33561111e+02
 1.33627778e+02
 1.33694444e+02
 1.33761111e+02
 1.33827778e+02
 1.33894444e+02
 1.33961111e+02
 1.34027778e+02
 1.34094444e+02
 1.34161111e+02
 1.34227778e+02
 1.34294444e+02
 1.34361111e+02
 1.34427778e+02
 1.34494444e+02
 1.34561111e+02
 1.34627778e+02
 1.34694444e+02
 1.34761111e+02
 1.34827778e+02
 1.34894444e+02
 1.34961111e+02
 1.35027778e+02
 1.35094444e+02
 1.35161111e+02
 1.35227778e+02
 1.35294444e+02
 1.35361111e+02
 1.35427778e+02
 1.35494444e+02
 1.35561111e+02
 1.35627778e+02
 1.35694444e+02
 1.35761111e+02
 1.35827778e+02
 1.35894444e+02
 1.35961111e+02
 1.36027778e+02
 1.36094444e+02
 1.36161111e+02
 1.36227778e+02
 1.36294444e+02
 1.36361111e+02
 1.36427778e+02
 1.36494444e+02
 1.36561111e+02
 1.36627778e+02
 1.36694444e+02
 1.36761111e+02
 1.36827778e+02
 1.36894444e+02
 1.36961111e+02
 1.37027778e+02
 1.37094444e+02
 1.37161111e+02
 1.37227778e+02
 1.37294444e+02
 1.37361111e+02
 1.37427778e+02
 1.37494444e+02
 1.37561111e+02
 1.37627778e+02
 1.37694444e+02
 1.37761111e+02
 1.37827778e+02
 1.37894444e+02
 1.37961111e+02
 1.38027778e+02
 1.38094444e+02
 1.38161111e+02
 1.38227778e+02
 1.38294444e+02
 1.38361111e+02
 1.38427778e+02
 1.38494444e+02
 1.38561111e+02
 1.38627778e+02
 1.38694444e+02
 1.38761111e+02
 1.38827778e+02
 1.38894444e+02
 1.38961111e+02
 1.39027778e+02
 1.39094444e+02
 1.39161111e+02
 1.39227778e+02
 1.39294444e+02
 1.39361111e+02
 1.39427778e+02
 1.39494444e+02
 1.39561111e+02
 1.39627778e+02
 1.39694444e+02
 1.39761111e+02
 1.39827778e+02
 1.39894444e+02
 1.39961111e+02
 1.40027778e+02
 1.40094444e+02
 1.40161111e+02
 1.40227778e+02
 1.40294444e+02
 1.40361111e+02
 1.40427778e+02
 1.40494444e+02
 1.40561111e+02
 1.40627778e+02
 1.40694444e+02
 1.40761111e+02
 1.40827778e+02
 1.40894444e+02
 1.40961111e+02
 1.41027778e+02
 1.41094444e+02
 1.41161111e+02
 1.41227778e+02
 1.41294444e+02
 1.41361111e+02
 1.41427778e+02
 1.41494444e+02
 1.41561111e+02
 1.41627778e+02
 1.41694444e+02
 1.41761111e+02
 1.41827778e+02
 1.41894444e+02
 1.41961111e+02
 1.42027778e+02
 1.42094444e+02
 1.42161111e+02
 1.42227778e+02
 1.42294444e+02
 1.42361111e+02
 1.42427778e+02
 1.42494444e+02
 1.42561111e+02
 1.42627778e+02
 1.42694444e+02
 1.42761111e+02
 1.42827778e+02
 1.42894444e+02
 1.42961111e+02
 1.43027778e+02
 1.43094444e+02
 1.43161111e+02
 1.43227778e+02
 1.43294444e+02
 1.43361111e+02
 1.43427778e+02
 1.43494444e+02
 1.43561111e+02
 1.43627778e+02
 1.43694444e+02
 1.43761111e+02
 1.43827778e+02
 1.43894444e+02
 1.43961111e+02
 1.44027778e+02
 1.44094444e+02
 1.44161111e+02
 1.44227778e+02
 1.44294444e+02
 1.44361111e+02
 1.44427778e+02
 1.44494444e+02
 1.44561111e+02
 1.44627778e+02
 1.44694444e+02
 1.44761111e+02
 1.44827778e+02
 1.44894444e+02
 1.44961111e+02
 1.45027778e+02
 1.45094444e+02
 1.45161111e+02
 1.45227778e+02
 1.45294444e+02
 1.45361111e+02
 1.45427778e+02
 1.45494444e+02
 1.45561111e+02
 1.45627778e+02
 1.45694444e+02
 1.45761111e+02
 1.45827778e+02
 1.45894444e+02
 1.45961111e+02
 1.46027778e+02
 1.46094444e+02
 1.46161111e+02
 1.46227778e+02
 1.46294444e+02
 1.46361111e+02
 1.46427778e+02
 1.46494444e+02
 1.46561111e+02
 1.46627778e+02
 1.46694444e+02
 1.46761111e+02
 1.46827778e+02
 1.46894444e+02
 1.46961111e+02
 1.47027778e+02
 1.47094444e+02
 1.47161111e+02
 1.47227778e+02
 1.47294444e+02
 1.47361111e+02
 1.47427778e+02
 1.47494444e+02
 1.47561111e+02
 1.47627778e+02
 1.47694444e+02
 1.47761111e+02
 1.47827778e+02
 1.47894444e+02
 1.47961111e+02
 1.48027778e+02
 1.48094444e+02
 1.48161111e+02
 1.48227778e+02
 1.48294444e+02
 1.48361111e+02
 1.48427778e+02
 1.48494444e+02
 1.48561111e+02
 1.48627778e+02
 1.48694444e+02
 1.48761111e+02
 1.48827778e+02
 1.48894444e+02
 1.48961111e+02
 1.49027778e+02
 1.49094444e+02
 1.49161111e+02
 1.49227778e+02
 1.49294444e+02
 1.49361111e+02
 1.49427778e+02
 1.49494444e+02
 1.49561111e+02
 1.49627778e+02
 1.49694444e+02
 1.49761111e+02
 1.49827778e+02
 1.49894444e+02
 1.49961111e+02
 1.50027778e+02
 1.50094444e+02
 1.50161111e+02
 1.50227778e+02
 1.50294444e+02
 1.50361111e+02
 1.50427778e+02
 1.50494444e+02
 1.50561111e+02
 1.50627778e+02
 1.50694444e+02
 1.50761111e+02
 1.50827778e+02
 1.50894444e+02
 1.50961111e+02
 1.51027778e+02
 1.51094444e+02
 1.51161111e+02
 1.51227778e+02
 1.51294444e+02
 1.51361111e+02
 1.51427778e+02
 1.51494444e+02
 1.51561111e+02
 1.51627778e+02
 1.51694444e+02
 1.51761111e+02
 1.51827778e+02
 1.51894444e+02
 1.51961111e+02
 1.52027778e+02
 1.52094444e+02
 1.52161111e+02
 1.52227778e+02
 1.52294444e+02
 1.52361111e+02
 1.52427778e+02
 1.52494444e+02
 1.52561111e+02
 1.52627778e+02
 1.52694444e+02
 1.52761111e+02
 1.52827778e+02
 1.52894444e+02
 1.52961111e+02
 1.53027778e+02
 1.53094444e+02
 1.53161111e+02
 1.53227778e+02
 1.53294444e+02
 1.53361111e+02
 1.53427778e+02
 1.53494444e+02
 1.53561111e+02
 1.53627778e+02
 1.53694444e+02
 1.53761111e+02
 1.53827778e+02
 1.53894444e+02
 1.53961111e+02
 1.54027778e+02
 1.54094444e+02
 1.54161111e+02
 1.54227778e+02
 1.54294444e+02
 1.54361111e+02
 1.54427778e+02
 1.54494444e+02
 1.54561111e+02
 1.54627778e+02
 1.54694444e+02
 1.54761111e+02
 1.54827778e+02
 1.54894444e+02
 1.54961111e+02
 1.55027778e+02
 1.55094444e+02
 1.55161111e+02
 1.55227778e+02
 1.55294444e+02
 1.55361111e+02
 1.55427778e+02
 1.55494444e+02
 1.55561111e+02
 1.55627778e+02
 1.55694444e+02
 1.55761111e+02
 1.55827778e+02
 1.55894444e+02
 1.55961111e+02
 1.56027778e+02
 1.56094444e+02
 1.56161111e+02
 1.56227778e+02
 1.56294444e+02
 1.56361111e+02
 1.56427778e+02
 1.56494444e+02
 1.56561111e+02
 1.56627778e+02
 1.56694444e+02
 1.56761111e+02
 1.56827778e+02
 1.56894444e+02
 1.56961111e+02
 1.57027778e+02
 1.57094444e+02
 1.57161111e+02
 1.57227778e+02
 1.57294444e+02
 1.57361111e+02
 1.57427778e+02
 1.57494444e+02
 1.57561111e+02
 1.57627778e+02
 1.57694444e+02
 1.57761111e+02
 1.57827778e+02
 1.57894444e+02
 1.57961111e+02
 1.58027778e+02
 1.58094444e+02
 1.58161111e+02
 1.58227778e+02
 1.58294444e+02
 1.58361111e+02
 1.58427778e+02
 1.58494444e+02
 1.58561111e+02
 1.58627778e+02
 1.58694444e+02
 1.58761111e+02
 1.58827778e+02
 1.58894444e+02
 1.58961111e+02
 1.59027778e+02
 1.59094444e+02
 1.59161111e+02
 1.59227778e+02
 1.59294444e+02
 1.59361111e+02
 1.59427778e+02
 1.59494444e+02
 1.59561111e+02
 1.59627778e+02
 1.59694444e+02
 1.59761111e+02
 1.59827778e+02
 1.59894444e+02
 1.59961111e+02
 1.60027778e+02
 1.60094444e+02
 1.60161111e+02
 1.60227778e+02
 1.60294444e+02
 1.60361111e+02
 1.60427778e+02
 1.60494444e+02
 1.60561111e+02
 1.60627778e+02
 1.60694444e+02
 1.60761111e+02
 1.60827778e+02
 1.60894444e+02
 1.60961111e+02
 1.61027778e+02
 1.61094444e+02
 1.61161111e+02
 1.61227778e+02
 1.61294444e+02
 1.61361111e+02
 1.61427778e+02
 1.61494444e+02
 1.61561111e+02
 1.61627778e+02
 1.61694444e+02
 1.61761111e+02
 1.61827778e+02
 1.61894444e+02
 1.61961111e+02
 1.62027778e+02
 1.62094444e+02
 1.62161111e+02
 1.62227778e+02
 1.62294444e+02
 1.62361111e+02
 1.62427778e+02
 1.62494444e+02
 1.62561111e+02
 1.62627778e+02
 1.62694444e+02
 1.62761111e+02
 1.62827778e+02
 1.62894444e+02
 1.62961111e+02
 1.63027778e+02
 1.63094444e+02
 1.63161111e+02
 1.63227778e+02
 1.63294444e+02
 1.63361111e+02
 1.63427778e+02
 1.63494444e+02
 1.63561111e+02
 1.63627778e+02
 1.63694444e+02
 1.63761111e+02
 1.63827778e+02
 1.63894444e+02
 1.63961111e+02
 1.64027778e+02
 1.64094444e+02
 1.64161111e+02
 1.64227778e+02
 1.64294444e+02
 1.64361111e+02
 1.64427778e+02
 1.64494444e+02
 1.64561111e+02
 1.64627778e+02
 1.64694444e+02
 1.64761111e+02
 1.64827778e+02
 1.64894444e+02
 1.64961111e+02
 1.65027778e+02
 1.65094444e+02
 1.65161111e+02
 1.65227778e+02
 1.65294444e+02
 1.65361111e+02
 1.65427778e+02
 1.65494444e+02
 1.65561111e+02
 1.65627778e+02
 1.65694444e+02
 1.65761111e+02
 1.65827778e+02
 1.65894444e+02
 1.65961111e+02
 1.66027778e+02
 1.66094444e+02
 1.66161111e+02
 1.66227778e+02
 1.66294444e+02
 1.66361111e+02
 1.66427778e+02
 1.66494444e+02
 1.66561111e+02
 1.66627778e+02
 1.66694444e+02
 1.66761111e+02
 1.66827778e+02
 1.66894444e+02
 1.66961111e+02
 1.67027778e+02
 1.67094444e+02
 1.67161111e+02
 1.67227778e+02
 1.67294444e+02
 1.67361111e+02
 1.67427778e+02
 1.67494444e+02
 1.67561111e+02
 1.67627778e+02
 1.67694444e+02
 1.67761111e+02
 1.67827778e+02
 1.67894444e+02
 1.67961111e+02
 1.68027778e+02
 1.68094444e+02
 1.68161111e+02
 1.68227778e+02
 1.68294444e+02
 1.68361111e+02
 1.68427778e+02
 1.68494444e+02
 1.68561111e+02
 1.68627778e+02
 1.68694444e+02
 1.68761111e+02
 1.68827778e+02
 1.68894444e+02
 1.68961111e+02
 1.69027778e+02
 1.69094444e+02
 1.69161111e+02
 1.69227778e+02
 1.69294444e+02
 1.69361111e+02
 1.69427778e+02
 1.69494444e+02
 1.69561111e+02
 1.69627778e+02
 1.69694444e+02
 1.69761111e+02
 1.69827778e+02
 1.69894444e+02
 1.69961111e+02
 1.70027778e+02
 1.70094444e+02
 1.70161111e+02
 1.70227778e+02
 1.70294444e+02
 1.70361111e+02
 1.70427778e+02
 1.70494444e+02
 1.70561111e+02
 1.70627778e+02
 1.70694444e+02
 1.70761111e+02
 1.70827778e+02
 1.70894444e+02
 1.70961111e+02
 1.71027778e+02
 1.71094444e+02
 1.71161111e+02
 1.71227778e+02
 1.71294444e+02
 1.71361111e+02
 1.71427778e+02
 1.71494444e+02
 1.71561111e+02
 1.71627778e+02
 1.71694444e+02
 1.71761111e+02
 1.71827778e+02
 1.71894444e+02
 1.71961111e+02
 1.72027778e+02
 1.72094444e+02
 1.72161111e+02
 1.72227778e+02
 1.72294444e+02
 1.72361111e+02
 1.72427778e+02
 1.72494444e+02
 1.72561111e+02
 1.72627778e+02
 1.72694444e+02
 1.72761111e+02
 1.72827778e+02
 1.72894444e+02
 1.72961111e+02
 1.73027778e+02
 1.73094444e+02
 1.73161111e+02
 1.73227778e+02
 1.73294444e+02
 1.73361111e+02
 1.73427778e+02
 1.73494444e+02
 1.73561111e+02
 1.73627778e+02
 1.73694444e+02
 1.73761111e+02
 1.73827778e+02
 1.73894444e+02
 1.73961111e+02
 1.74027778e+02
 1.74094444e+02
 1.74161111e+02
 1.74227778e+02
 1.74294444e+02
 1.74361111e+02
 1.74427778e+02
 1.74494444e+02
 1.74561111e+02
 1.74627778e+02
 1.74694444e+02
 1.74761111e+02
 1.74827778e+02
 1.74894444e+02
 1.74961111e+02
 1.75027778e+02
 1.75094444e+02
 1.75161111e+02
 1.75227778e+02
 1.75294444e+02
 1.75361111e+02
 1.75427778e+02
 1.75494444e+02
 1.75561111e+02
 1.75627778e+02
 1.75694444e+02
 1.75761111e+02
 1.75827778e+02
 1.75894444e+02
 1.75961111e+02
 1.76027778e+02
 1.76094444e+02
 1.76161111e+02
 1.76227778e+02
 1.76294444e+02
 1.76361111e+02
 1.76427778e+02
 1.76494444e+02
 1.76561111e+02
 1.76627778e+02
 1.76694444e+02
 1.76761111e+02
 1.76827778e+02
 1.76894444e+02
 1.76961111e+02
 1.77027778e+02
 1.77094444e+02
 1.77161111e+02
 1.77227778e+02
 1.77294444e+02
 1.77361111e+02
 1.77427778e+02
 1.77494444e+02
 1.77561111e+02
 1.77627778e+02
 1.77694444e+02
 1.77761111e+02
 1.77827778e+02
 1.77894444e+02
 1.77961111e+02
 1.78027778e+02
 1.78094444e+02
 1.78161111e+02
 1.78227778e+02
 1.78294444e+02
 1.78361111e+02
 1.78427778e+02
 1.78494444e+02
 1.78561111e+02
 1.78627778e+02
 1.78694444e+02
 1.78761111e+02
 1.78827778e+02
 1.78894444e+02
 1.78961111e+02
 1.79027778e+02
 1.79094444e+02
 1.79161111e+02
 1.79227778e+02
 1.79294444e+02
 1.79361111e+02
 1.79427778e+02
 1.79494444e+02
 1.79561111e+02
 1.79627778e+02
 1.79694444e+02
 1.79761111e+02
 1.79827778e+02
 1.79894444e+02
 1.79961111e+02
 1.80027778e+02
 1.80094444e+02
 1.80161111e+02
 1.80227778e+02
 1.80294444e+02
 1.80361111e+02
 1.80427778e+02
 1.80494444e+02
 1.80561111e+02
 1.80627778e+02
 1.80694444e+02
 1.80761111e+02
 1.80827778e+02
 1.80894444e+02
 1.80961111e+02
 1.81027778e+02
 1.81094444e+02
 1.81161111e+02
 1.81227778e+02
 1.81294444e+02
 1.81361111e+02
 1.81427778e+02
 1.81494444e+02
 1.81561111e+02
 1.81627778e+02
 1.81694444e+02
 1.81761111e+02
 1.81827778e+02
 1.81894444e+02
 1.81961111e+02
 1.82027778e+02
 1.82094444e+02
 1.82161111e+02
 1.82227778e+02
 1.82294444e+02
 1.82361111e+02
 1.82427778e+02
 1.82494444e+02
 1.82561111e+02
 1.82627778e+02
 1.82694444e+02
 1.82761111e+02
 1.82827778e+02
 1.82894444e+02
 1.82961111e+02
 1.83027778e+02
 1.83094444e+02
 1.83161111e+02
 1.83227778e+02
 1.83294444e+02
 1.83361111e+02
 1.83427778e+02
 1.83494444e+02
 1.83561111e+02
 1.83627778e+02
 1.83694444e+02
 1.83761111e+02
 1.83827778e+02
 1.83894444e+02
 1.83961111e+02
 1.84027778e+02
 1.84094444e+02
 1.84161111e+02
 1.84227778e+02
 1.84294444e+02
 1.84361111e+02
 1.84427778e+02
 1.84494444e+02
 1.84561111e+02
 1.84627778e+02
 1.84694444e+02
 1.84761111e+02
 1.84827778e+02
 1.84894444e+02
 1.84961111e+02
 1.85027778e+02
 1.85094444e+02
 1.85161111e+02
 1.85227778e+02
 1.85294444e+02
 1.85361111e+02
 1.85427778e+02
 1.85494444e+02
 1.85561111e+02
 1.85627778e+02
 1.85694444e+02
 1.85761111e+02
 1.85827778e+02
 1.85894444e+02
 1.85961111e+02
 1.86027778e+02
 1.86094444e+02
 1.86161111e+02
 1.86227778e+02
 1.86294444e+02
 1.86361111e+02
 1.86427778e+02
 1.86494444e+02
 1.86561111e+02
 1.86627778e+02
 1.86694444e+02
 1.86761111e+02
 1.86827778e+02
 1.86894444e+02
 1.86961111e+02
 1.87027778e+02
 1.87094444e+02
 1.87161111e+02
 1.87227778e+02
 1.87294444e+02
 1.87361111e+02
 1.87427778e+02
 1.87494444e+02
 1.87561111e+02
 1.87627778e+02
 1.87694444e+02
 1.87761111e+02
 1.87827778e+02
 1.87894444e+02
 1.87961111e+02
 1.88027778e+02
 1.88094444e+02
 1.88161111e+02
 1.88227778e+02
 1.88294444e+02
 1.88361111e+02
 1.88427778e+02
 1.88494444e+02
 1.88561111e+02
 1.88627778e+02
 1.88694444e+02
 1.88761111e+02
 1.88827778e+02
 1.88894444e+02
 1.88961111e+02
 1.89027778e+02
 1.89094444e+02
 1.89161111e+02
 1.89227778e+02
 1.89294444e+02
 1.89361111e+02
 1.89427778e+02
 1.89494444e+02
 1.89561111e+02
 1.89627778e+02
 1.89694444e+02
 1.89761111e+02
 1.89827778e+02
 1.89894444e+02
 1.89961111e+02
 1.90027778e+02
 1.90094444e+02
 1.90161111e+02
 1.90227778e+02
 1.90294444e+02
 1.90361111e+02
 1.90427778e+02
 1.90494444e+02
 1.90561111e+02
 1.90627778e+02
 1.90694444e+02
 1.90761111e+02
 1.90827778e+02
 1.90894444e+02
 1.90961111e+02
 1.91027778e+02
 1.91094444e+02
 1.91161111e+02
 1.91227778e+02
 1.91294444e+02
 1.91361111e+02
 1.91427778e+02
 1.91494444e+02
 1.91561111e+02
 1.91627778e+02
 1.91694444e+02
 1.91761111e+02
 1.91827778e+02
 1.91894444e+02
 1.91961111e+02
 1.92027778e+02
 1.92094444e+02
 1.92161111e+02
 1.92227778e+02
 1.92294444e+02
 1.92361111e+02
 1.92427778e+02
 1.92494444e+02
 1.92561111e+02
 1.92627778e+02
 1.92694444e+02
 1.92761111e+02
 1.92827778e+02
 1.92894444e+02
 1.92961111e+02
 1.93027778e+02
 1.93094444e+02
 1.93161111e+02
 1.93227778e+02
 1.93294444e+02
 1.93361111e+02
 1.93427778e+02
 1.93494444e+02
 1.93561111e+02
 1.93627778e+02
 1.93694444e+02
 1.93761111e+02
 1.93827778e+02
 1.93894444e+02
 1.93961111e+02
 1.94027778e+02
 1.94094444e+02
 1.94161111e+02
 1.94227778e+02
 1.94294444e+02
 1.94361111e+02
 1.94427778e+02
 1.94494444e+02
 1.94561111e+02
 1.94627778e+02
 1.94694444e+02
 1.94761111e+02
 1.94827778e+02
 1.94894444e+02
 1.94961111e+02
 1.95027778e+02
 1.95094444e+02
 1.95161111e+02
 1.95227778e+02
 1.95294444e+02
 1.95361111e+02
 1.95427778e+02
 1.95494444e+02
 1.95561111e+02
 1.95627778e+02
 1.95694444e+02
 1.95761111e+02
 1.95827778e+02
 1.95894444e+02
 1.95961111e+02
 1.96027778e+02
 1.96094444e+02
 1.96161111e+02
 1.96227778e+02
 1.96294444e+02
 1.96361111e+02
 1.96427778e+02
 1.96494444e+02
 1.96561111e+02
 1.96627778e+02
 1.96694444e+02
 1.96761111e+02
 1.96827778e+02
 1.96894444e+02
 1.96961111e+02
 1.97027778e+02
 1.97094444e+02
 1.97161111e+02
 1.97227778e+02
 1.97294444e+02
 1.97361111e+02
 1.97427778e+02
 1.97494444e+02
 1.97561111e+02
 1.97627778e+02
 1.97694444e+02
 1.97761111e+02
 1.97827778e+02
 1.97894444e+02
 1.97961111e+02
 1.98027778e+02
 1.98094444e+02
 1.98161111e+02
 1.98227778e+02
 1.98294444e+02
 1.98361111e+02
 1.98427778e+02
 1.98494444e+02
 1.98561111e+02
 1.98627778e+02
 1.98694444e+02
 1.98761111e+02
 1.98827778e+02
 1.98894444e+02
 1.98961111e+02
 1.99027778e+02
 1.99094444e+02
 1.99161111e+02
 1.99227778e+02
 1.99294444e+02
 1.99361111e+02
 1.99427778e+02
 1.99494444e+02
 1.99561111e+02
 1.99627778e+02
 1.99694444e+02
 1.99761111e+02
 1.99827778e+02
 1.99894444e+02
 1.99961111e+02
 2.00027778e+02
 2.00094444e+02
 2.00161111e+02
 2.00227778e+02
 2.00294444e+02
 2.00361111e+02
 2.00427778e+02
 2.00494444e+02
 2.00561111e+02
 2.00627778e+02
 2.00694444e+02
 2.00761111e+02
 2.00827778e+02
 2.00894444e+02
 2.00961111e+02
 2.01027778e+02
 2.01094444e+02
 2.01161111e+02
 2.01227778e+02
 2.01294444e+02
 2.01361111e+02
 2.01427778e+02
 2.01494444e+02
 2.01561111e+02
 2.01627778e+02
 2.01694444e+02
 2.01761111e+02
 2.01827778e+02
 2.01894444e+02
 2.01961111e+02
 2.02027778e+02
 2.02094444e+02
 2.02161111e+02
 2.02227778e+02
 2.02294444e+02
 2.02361111e+02
 2.02427778e+02
 2.02494444e+02
 2.02561111e+02
 2.02627778e+02
 2.02694444e+02
 2.02761111e+02
 2.02827778e+02
 2.02894444e+02
 2.02961111e+02
 2.03027778e+02
 2.03094444e+02
 2.03161111e+02
 2.03227778e+02
 2.03294444e+02
 2.03361111e+02
 2.03427778e+02
 2.03494444e+02
 2.03561111e+02
 2.03627778e+02
 2.03694444e+02
 2.03761111e+02
 2.03827778e+02
 2.03894444e+02
 2.03961111e+02
 2.04027778e+02
 2.04094444e+02
 2.04161111e+02
 2.04227778e+02
 2.04294444e+02
 2.04361111e+02
 2.04427778e+02
 2.04494444e+02
 2.04561111e+02
 2.04627778e+02
 2.04694444e+02
 2.04761111e+02
 2.04827778e+02
 2.04894444e+02
 2.04961111e+02
 2.05027778e+02
 2.05094444e+02
 2.05161111e+02
 2.05227778e+02
 2.05294444e+02
 2.05361111e+02
 2.05427778e+02
 2.05494444e+02
 2.05561111e+02
 2.05627778e+02
 2.05694444e+02
 2.05761111e+02
 2.05827778e+02
 2.05894444e+02
 2.05961111e+02
 2.06027778e+02
 2.06094444e+02
 2.06161111e+02
 2.06227778e+02
 2.06294444e+02
 2.06361111e+02
 2.06427778e+02
 2.06494444e+02
 2.06561111e+02
 2.06627778e+02
 2.06694444e+02
 2.06761111e+02
 2.06827778e+02
 2.06894444e+02
 2.06961111e+02
 2.07027778e+02
 2.07094444e+02
 2.07161111e+02
 2.07227778e+02
 2.07294444e+02
 2.07361111e+02
 2.07427778e+02
 2.07494444e+02
 2.07561111e+02
 2.07627778e+02
 2.07694444e+02
 2.07761111e+02
 2.07827778e+02
 2.07894444e+02
 2.07961111e+02
 2.08027778e+02
 2.08094444e+02
 2.08161111e+02
 2.08227778e+02
 2.08294444e+02
 2.08361111e+02
 2.08427778e+02
 2.08494444e+02
 2.08561111e+02
 2.08627778e+02
 2.08694444e+02
 2.08761111e+02
 2.08827778e+02
 2.08894444e+02
 2.08961111e+02
 2.09027778e+02
 2.09094444e+02
 2.09161111e+02
 2.09227778e+02
 2.09294444e+02
 2.09361111e+02
 2.09427778e+02
 2.09494444e+02
 2.09561111e+02
 2.09627778e+02
 2.09694444e+02
 2.09761111e+02
 2.09827778e+02
 2.09894444e+02
 2.09961111e+02
 2.10027778e+02
 2.10094444e+02
 2.10161111e+02
 2.10227778e+02
 2.10294444e+02
 2.10361111e+02
 2.10427778e+02
 2.10494444e+02
 2.10561111e+02
 2.10627778e+02
 2.10694444e+02
 2.10761111e+02
 2.10827778e+02
 2.10894444e+02
 2.10961111e+02
 2.11027778e+02
 2.11094444e+02
 2.11161111e+02
 2.11227778e+02
 2.11294444e+02
 2.11361111e+02
 2.11427778e+02
 2.11494444e+02
 2.11561111e+02
 2.11627778e+02
 2.11694444e+02
 2.11761111e+02
 2.11827778e+02
 2.11894444e+02
 2.11961111e+02
 2.12027778e+02
 2.12094444e+02
 2.12161111e+02
 2.12227778e+02
 2.12294444e+02
 2.12361111e+02
 2.12427778e+02
 2.12494444e+02
 2.12561111e+02
 2.12627778e+02
 2.12694444e+02
 2.12761111e+02
 2.12827778e+02
 2.12894444e+02
 2.12961111e+02
 2.13027778e+02
 2.13094444e+02
 2.13161111e+02
 2.13227778e+02
 2.13294444e+02
 2.13361111e+02
 2.13427778e+02
 2.13494444e+02
 2.13561111e+02
 2.13627778e+02
 2.13694444e+02
 2.13761111e+02
 2.13827778e+02
 2.13894444e+02
 2.13961111e+02
 2.14027778e+02
 2.14094444e+02
 2.14161111e+02
 2.14227778e+02
 2.14294444e+02
 2.14361111e+02
 2.14427778e+02
 2.14494444e+02
 2.14561111e+02
 2.14627778e+02
 2.14694444e+02
 2.14761111e+02
 2.14827778e+02
 2.14894444e+02
 2.14961111e+02
 2.15027778e+02
 2.15094444e+02
 2.15161111e+02
 2.15227778e+02
 2.15294444e+02
 2.15361111e+02
 2.15427778e+02
 2.15494444e+02
 2.15561111e+02
 2.15627778e+02
 2.15694444e+02
 2.15761111e+02
 2.15827778e+02
 2.15894444e+02
 2.15961111e+02
 2.16027778e+02
 2.16094444e+02
 2.16161111e+02
 2.16227778e+02
 2.16294444e+02
 2.16361111e+02
 2.16427778e+02
 2.16494444e+02
 2.16561111e+02
 2.16627778e+02
 2.16694444e+02
 2.16761111e+02
 2.16827778e+02
 2.16894444e+02
 2.16961111e+02
 2.17027778e+02
 2.17094444e+02
 2.17161111e+02
 2.17227778e+02
 2.17294444e+02
 2.17361111e+02
 2.17427778e+02
 2.17494444e+02
 2.17561111e+02
 2.17627778e+02
 2.17694444e+02
 2.17761111e+02
 2.17827778e+02
 2.17894444e+02
 2.17961111e+02
 2.18027778e+02
 2.18094444e+02
 2.18161111e+02
 2.18227778e+02
 2.18294444e+02
 2.18361111e+02
 2.18427778e+02
 2.18494444e+02
 2.18561111e+02
 2.18627778e+02
 2.18694444e+02
 2.18761111e+02
 2.18827778e+02
 2.18894444e+02
 2.18961111e+02
 2.19027778e+02
 2.19094444e+02
 2.19161111e+02
 2.19227778e+02
 2.19294444e+02
 2.19361111e+02
 2.19427778e+02
 2.19494444e+02
 2.19561111e+02
 2.19627778e+02
 2.19694444e+02
 2.19761111e+02
 2.19827778e+02
 2.19894444e+02
 2.19961111e+02
 2.20027778e+02
 2.20094444e+02
 2.20161111e+02
 2.20227778e+02
 2.20294444e+02
 2.20361111e+02
 2.20427778e+02
 2.20494444e+02
 2.20561111e+02
 2.20627778e+02
 2.20694444e+02
 2.20761111e+02
 2.20827778e+02
 2.20894444e+02
 2.20961111e+02
 2.21027778e+02
 2.21094444e+02
 2.21161111e+02
 2.21227778e+02
 2.21294444e+02
 2.21361111e+02
 2.21427778e+02
 2.21494444e+02
 2.21561111e+02
 2.21627778e+02
 2.21694444e+02
 2.21761111e+02
 2.21827778e+02
 2.21894444e+02
 2.21961111e+02
 2.22027778e+02
 2.22094444e+02
 2.22161111e+02
 2.22227778e+02
 2.22294444e+02
 2.22361111e+02
 2.22427778e+02
 2.22494444e+02
 2.22561111e+02
 2.22627778e+02
 2.22694444e+02
 2.22761111e+02
 2.22827778e+02
 2.22894444e+02
 2.22961111e+02
 2.23027778e+02
 2.23094444e+02
 2.23161111e+02
 2.23227778e+02
 2.23294444e+02
 2.23361111e+02
 2.23427778e+02
 2.23494444e+02
 2.23561111e+02
 2.23627778e+02
 2.23694444e+02
 2.23761111e+02
 2.23827778e+02
 2.23894444e+02
 2.23961111e+02
 2.24027778e+02
 2.24094444e+02
 2.24161111e+02
 2.24227778e+02
 2.24294444e+02
 2.24361111e+02
 2.24427778e+02
 2.24494444e+02
 2.24561111e+02
 2.24627778e+02
 2.24694444e+02
 2.24761111e+02
 2.24827778e+02
 2.24894444e+02
 2.24961111e+02
 2.25027778e+02
 2.25094444e+02
 2.25161111e+02
 2.25227778e+02
 2.25294444e+02
 2.25361111e+02
 2.25427778e+02
 2.25494444e+02
 2.25561111e+02
 2.25627778e+02
 2.25694444e+02
 2.25761111e+02
 2.25827778e+02
 2.25894444e+02
 2.25961111e+02
 2.26027778e+02
 2.26094444e+02
 2.26161111e+02
 2.26227778e+02
 2.26294444e+02
 2.26361111e+02
 2.26427778e+02
 2.26494444e+02
 2.26561111e+02
 2.26627778e+02
 2.26694444e+02
 2.26761111e+02
 2.26827778e+02
 2.26894444e+02
 2.26961111e+02
 2.27027778e+02
 2.27094444e+02
 2.27161111e+02
 2.27227778e+02
 2.27294444e+02
 2.27361111e+02
 2.27427778e+02
 2.27494444e+02
 2.27561111e+02
 2.27627778e+02
 2.27694444e+02
 2.27761111e+02
 2.27827778e+02
 2.27894444e+02
 2.27961111e+02
 2.28027778e+02
 2.28094444e+02
 2.28161111e+02
 2.28227778e+02
 2.28294444e+02
 2.28361111e+02
 2.28427778e+02
 2.28494444e+02
 2.28561111e+02
 2.28627778e+02
 2.28694444e+02
 2.28761111e+02
 2.28827778e+02
 2.28894444e+02
 2.28961111e+02
 2.29027778e+02
 2.29094444e+02
 2.29161111e+02
 2.29227778e+02
 2.29294444e+02
 2.29361111e+02
 2.29427778e+02
 2.29494444e+02
 2.29561111e+02
 2.29627778e+02
 2.29694444e+02
 2.29761111e+02
 2.29827778e+02
 2.29894444e+02
 2.29961111e+02
 2.30027778e+02
 2.30094444e+02
 2.30161111e+02
 2.30227778e+02
 2.30294444e+02
 2.30361111e+02
 2.30427778e+02
 2.30494444e+02
 2.30561111e+02
 2.30627778e+02
 2.30694444e+02
 2.30761111e+02
 2.30827778e+02
 2.30894444e+02
 2.30961111e+02
 2.31027778e+02
 2.31094444e+02
 2.31161111e+02
 2.31227778e+02
 2.31294444e+02
 2.31361111e+02
 2.31427778e+02
 2.31494444e+02
 2.31561111e+02
 2.31627778e+02
 2.31694444e+02
 2.31761111e+02
 2.31827778e+02
 2.31894444e+02
 2.31961111e+02
 2.32027778e+02
 2.32094444e+02
 2.32161111e+02
 2.32227778e+02
 2.32294444e+02
 2.32361111e+02
 2.32427778e+02
 2.32494444e+02
 2.32561111e+02
 2.32627778e+02
 2.32694444e+02
 2.32761111e+02
 2.32827778e+02
 2.32894444e+02
 2.32961111e+02
 2.33027778e+02
 2.33094444e+02
 2.33161111e+02
 2.33227778e+02
 2.33294444e+02
 2.33361111e+02
 2.33427778e+02
 2.33494444e+02
 2.33561111e+02
 2.33627778e+02
 2.33694444e+02
 2.33761111e+02
 2.33827778e+02
 2.33894444e+02
 2.33961111e+02
 2.34027778e+02
 2.34094444e+02
 2.34161111e+02
 2.34227778e+02
 2.34294444e+02
 2.34361111e+02
 2.34427778e+02
 2.34494444e+02
 2.34561111e+02
 2.34627778e+02
 2.34694444e+02
 2.34761111e+02
 2.34827778e+02
 2.34894444e+02
 2.34961111e+02
 2.35027778e+02
 2.35094444e+02
 2.35161111e+02
 2.35227778e+02
 2.35294444e+02
 2.35361111e+02
 2.35427778e+02
 2.35494444e+02
 2.35561111e+02
 2.35627778e+02
 2.35694444e+02
 2.35761111e+02
 2.35827778e+02
 2.35894444e+02
 2.35961111e+02
 2.36027778e+02
 2.36094444e+02
 2.36161111e+02
 2.36227778e+02
 2.36294444e+02
 2.36361111e+02
 2.36427778e+02
 2.36494444e+02
 2.36561111e+02
 2.36627778e+02
 2.36694444e+02
 2.36761111e+02
 2.36827778e+02
 2.36894444e+02
 2.36961111e+02
 2.37027778e+02
 2.37094444e+02
 2.37161111e+02
 2.37227778e+02
 2.37294444e+02
 2.37361111e+02
 2.37427778e+02
 2.37494444e+02
 2.37561111e+02
 2.37627778e+02
 2.37694444e+02
 2.37761111e+02
 2.37827778e+02
 2.37894444e+02
 2.37961111e+02
 2.38027778e+02
 2.38094444e+02
 2.38161111e+02
 2.38227778e+02
 2.38294444e+02
 2.38361111e+02
 2.38427778e+02
 2.38494444e+02
 2.38561111e+02
 2.38627778e+02
 2.38694444e+02
 2.38761111e+02
 2.38827778e+02
 2.38894444e+02
 2.38961111e+02
 2.39027778e+02
 2.39094444e+02
 2.39161111e+02
 2.39227778e+02
 2.39294444e+02
 2.39361111e+02
 2.39427778e+02
 2.39494444e+02
 2.39561111e+02
 2.39627778e+02
 2.39694444e+02
 2.39761111e+02
 2.39827778e+02
 2.39894444e+02
 2.39961111e+02
 2.40027778e+02
 2.40094444e+02
 2.40161111e+02
 2.40227778e+02
 2.40294444e+02
 2.40361111e+02
 2.40427778e+02
 2.40494444e+02
 2.40561111e+02
 2.40627778e+02
 2.40694444e+02
 2.40761111e+02
 2.40827778e+02
 2.40894444e+02
 2.40961111e+02
 2.41027778e+02
 2.41094444e+02
 2.41161111e+02
 2.41227778e+02
 2.41294444e+02
 2.41361111e+02
 2.41427778e+02
 2.41494444e+02
 2.41561111e+02
 2.41627778e+02
 2.41694444e+02
 2.41761111e+02
 2.41827778e+02
 2.41894444e+02
 2.41961111e+02
 2.42027778e+02
 2.42094444e+02
 2.42161111e+02
 2.42227778e+02
 2.42294444e+02
 2.42361111e+02
 2.42427778e+02
 2.42494444e+02
 2.42561111e+02
 2.42627778e+02
 2.42694444e+02
 2.42761111e+02
 2.42827778e+02
 2.42894444e+02
 2.42961111e+02
 2.43027778e+02
 2.43094444e+02
 2.43161111e+02
 2.43227778e+02
 2.43294444e+02
 2.43361111e+02
 2.43427778e+02
 2.43494444e+02
 2.43561111e+02
 2.43627778e+02
 2.43694444e+02
 2.43761111e+02
 2.43827778e+02
 2.43894444e+02
 2.43961111e+02
 2.44027778e+02
 2.44094444e+02
 2.44161111e+02
 2.44227778e+02
 2.44294444e+02
 2.44361111e+02
 2.44427778e+02
 2.44494444e+02
 2.44561111e+02
 2.44627778e+02
 2.44694444e+02
 2.44761111e+02
 2.44827778e+02
 2.44894444e+02
 2.44961111e+02
 2.45027778e+02
 2.45094444e+02
 2.45161111e+02
 2.45227778e+02
 2.45294444e+02
 2.45361111e+02
 2.45427778e+02
 2.45494444e+02
 2.45561111e+02
 2.45627778e+02
 2.45694444e+02
 2.45761111e+02
 2.45827778e+02
 2.45894444e+02
 2.45961111e+02
 2.46027778e+02
 2.46094444e+02
 2.46161111e+02
 2.46227778e+02
 2.46294444e+02
 2.46361111e+02
 2.46427778e+02
 2.46494444e+02
 2.46561111e+02
 2.46627778e+02
 2.46694444e+02
 2.46761111e+02
 2.46827778e+02
 2.46894444e+02
 2.46961111e+02
 2.47027778e+02
 2.47094444e+02
 2.47161111e+02
 2.47227778e+02
 2.47294444e+02
 2.47361111e+02
 2.47427778e+02
 2.47494444e+02
 2.47561111e+02
 2.47627778e+02
 2.47694444e+02
 2.47761111e+02
 2.47827778e+02
 2.47894444e+02
 2.47961111e+02
 2.48027778e+02
 2.48094444e+02
 2.48161111e+02
 2.48227778e+02
 2.48294444e+02
 2.48361111e+02
 2.48427778e+02
 2.48494444e+02
 2.48561111e+02
 2.48627778e+02
 2.48694444e+02
 2.48761111e+02
 2.48827778e+02
 2.48894444e+02
 2.48961111e+02
 2.49027778e+02
 2.49094444e+02
 2.49161111e+02
 2.49227778e+02
 2.49294444e+02
 2.49361111e+02
 2.49427778e+02
 2.49494444e+02
 2.49561111e+02
 2.49627778e+02
 2.49694444e+02
 2.49761111e+02
 2.49827778e+02
 2.49894444e+02
 2.49961111e+02
 2.50027778e+02
 2.50094444e+02
 2.50161111e+02
 2.50227778e+02
 2.50294444e+02
 2.50361111e+02
 2.50427778e+02
 2.50494444e+02
 2.50561111e+02
 2.50627778e+02
 2.50694444e+02
 2.50761111e+02
 2.50827778e+02
 2.50894444e+02
 2.50961111e+02
 2.51027778e+02
 2.51094444e+02
 2.51161111e+02
 2.51227778e+02
 2.51294444e+02
 2.51361111e+02
 2.51427778e+02
 2.51494444e+02
 2.51561111e+02
 2.51627778e+02
 2.51694444e+02
 2.51761111e+02
 2.51827778e+02
 2.51894444e+02
 2.51961111e+02
 2.52027778e+02
 2.52094444e+02
 2.52161111e+02
 2.52227778e+02
 2.52294444e+02
 2.52361111e+02
 2.52427778e+02
 2.52494444e+02
 2.52561111e+02
 2.52627778e+02
 2.52694444e+02
 2.52761111e+02
 2.52827778e+02
 2.52894444e+02
 2.52961111e+02
 2.53027778e+02
 2.53094444e+02
 2.53161111e+02
 2.53227778e+02
 2.53294444e+02
 2.53361111e+02
 2.53427778e+02
 2.53494444e+02
 2.53561111e+02
 2.53627778e+02
 2.53694444e+02
 2.53761111e+02
 2.53827778e+02
 2.53894444e+02
 2.53961111e+02
 2.54027778e+02
 2.54094444e+02
 2.54161111e+02
 2.54227778e+02
 2.54294444e+02
 2.54361111e+02
 2.54427778e+02
 2.54494444e+02
 2.54561111e+02
 2.54627778e+02
 2.54694444e+02
 2.54761111e+02
 2.54827778e+02
 2.54894444e+02
 2.54961111e+02
 2.55027778e+02
 2.55094444e+02
 2.55161111e+02
 2.55227778e+02
 2.55294444e+02
 2.55361111e+02
 2.55427778e+02
 2.55494444e+02
 2.55561111e+02
 2.55627778e+02
 2.55694444e+02
 2.55761111e+02
 2.55827778e+02
 2.55894444e+02
 2.55961111e+02
 2.56027778e+02
 2.56094444e+02
 2.56161111e+02
 2.56227778e+02
 2.56294444e+02
 2.56361111e+02
 2.56427778e+02
 2.56494444e+02
 2.56561111e+02
 2.56627778e+02
 2.56694444e+02
 2.56761111e+02
 2.56827778e+02
 2.56894444e+02
 2.56961111e+02
 2.57027778e+02
 2.57094444e+02
 2.57161111e+02
 2.57227778e+02
 2.57294444e+02
 2.57361111e+02
 2.57427778e+02
 2.57494444e+02
 2.57561111e+02
 2.57627778e+02
 2.57694444e+02
 2.57761111e+02
 2.57827778e+02
 2.57894444e+02
 2.57961111e+02
 2.58027778e+02
 2.58094444e+02
 2.58161111e+02
 2.58227778e+02
 2.58294444e+02
 2.58361111e+02
 2.58427778e+02
 2.58494444e+02
 2.58561111e+02
 2.58627778e+02
 2.58694444e+02
 2.58761111e+02
 2.58827778e+02
 2.58894444e+02
 2.58961111e+02
 2.59027778e+02
 2.59094444e+02
 2.59161111e+02
 2.59227778e+02
 2.59294444e+02
 2.59361111e+02
 2.59427778e+02
 2.59494444e+02
 2.59561111e+02
 2.59627778e+02
 2.59694444e+02
 2.59761111e+02
 2.59827778e+02
 2.59894444e+02
 2.59961111e+02
 2.60027778e+02
 2.60094444e+02
 2.60161111e+02
 2.60227778e+02
 2.60294444e+02
 2.60361111e+02
 2.60427778e+02
 2.60494444e+02
 2.60561111e+02
 2.60627778e+02
 2.60694444e+02
 2.60761111e+02
 2.60827778e+02
 2.60894444e+02
 2.60961111e+02
 2.61027778e+02
 2.61094444e+02
 2.61161111e+02
 2.61227778e+02
 2.61294444e+02
 2.61361111e+02
 2.61427778e+02
 2.61494444e+02
 2.61561111e+02
 2.61627778e+02
 2.61694444e+02
 2.61761111e+02
 2.61827778e+02
 2.61894444e+02
 2.61961111e+02
 2.62027778e+02
 2.62094444e+02
 2.62161111e+02
 2.62227778e+02
 2.62294444e+02
 2.62361111e+02
 2.62427778e+02
 2.62494444e+02
 2.62561111e+02
 2.62627778e+02
 2.62694444e+02
 2.62761111e+02
 2.62827778e+02
 2.62894444e+02
 2.62961111e+02
 2.63027778e+02
 2.63094444e+02
 2.63161111e+02
 2.63227778e+02
 2.63294444e+02
 2.63361111e+02
 2.63427778e+02
 2.63494444e+02
 2.63561111e+02
 2.63627778e+02
 2.63694444e+02
 2.63761111e+02
 2.63827778e+02
 2.63894444e+02
 2.63961111e+02
 2.64027778e+02
 2.64094444e+02
 2.64161111e+02
 2.64227778e+02
 2.64294444e+02
 2.64361111e+02
 2.64427778e+02
 2.64494444e+02
 2.64561111e+02
 2.64627778e+02
 2.64694444e+02
 2.64761111e+02
 2.64827778e+02
 2.64894444e+02
 2.64961111e+02
 2.65027778e+02
 2.65094444e+02
 2.65161111e+02
 2.65227778e+02
 2.65294444e+02
 2.65361111e+02
 2.65427778e+02
 2.65494444e+02
 2.65561111e+02
 2.65627778e+02
 2.65694444e+02
 2.65761111e+02
 2.65827778e+02
 2.65894444e+02
 2.65961111e+02
 2.66027778e+02
 2.66094444e+02
 2.66161111e+02
 2.66227778e+02
 2.66294444e+02
 2.66361111e+02
 2.66427778e+02
 2.66494444e+02
 2.66561111e+02
 2.66627778e+02
 2.66694444e+02
 2.66761111e+02
 2.66827778e+02
 2.66894444e+02
 2.66961111e+02
 2.67027778e+02
 2.67094444e+02
 2.67161111e+02
 2.67227778e+02
 2.67294444e+02
 2.67361111e+02
 2.67427778e+02
 2.67494444e+02
 2.67561111e+02
 2.67627778e+02
 2.67694444e+02
 2.67761111e+02
 2.67827778e+02
 2.67894444e+02
 2.67961111e+02
 2.68027778e+02
 2.68094444e+02
 2.68161111e+02
 2.68227778e+02
 2.68294444e+02
 2.68361111e+02
 2.68427778e+02
 2.68494444e+02
 2.68561111e+02
 2.68627778e+02
 2.68694444e+02
 2.68761111e+02
 2.68827778e+02
 2.68894444e+02
 2.68961111e+02
 2.69027778e+02
 2.69094444e+02
 2.69161111e+02
 2.69227778e+02
 2.69294444e+02
 2.69361111e+02
 2.69427778e+02
 2.69494444e+02
 2.69561111e+02
 2.69627778e+02
 2.69694444e+02
 2.69761111e+02
 2.69827778e+02
 2.69894444e+02
 2.69961111e+02
 2.70027778e+02
 2.70094444e+02
 2.70161111e+02
 2.70227778e+02
 2.70294444e+02
 2.70361111e+02
 2.70427778e+02
 2.70494444e+02
 2.70561111e+02
 2.70627778e+02
 2.70694444e+02
 2.70761111e+02
 2.70827778e+02
 2.70894444e+02
 2.70961111e+02
 2.71027778e+02
 2.71094444e+02
 2.71161111e+02
 2.71227778e+02
 2.71294444e+02
 2.71361111e+02
 2.71427778e+02
 2.71494444e+02
 2.71561111e+02
 2.71627778e+02
 2.71694444e+02
 2.71761111e+02
 2.71827778e+02
 2.71894444e+02
 2.71961111e+02
 2.72027778e+02
 2.72094444e+02
 2.72161111e+02
 2.72227778e+02
 2.72294444e+02
 2.72361111e+02
 2.72427778e+02
 2.72494444e+02
 2.72561111e+02
 2.72627778e+02
 2.72694444e+02
 2.72761111e+02
 2.72827778e+02
 2.72894444e+02
 2.72961111e+02
 2.73027778e+02
 2.73094444e+02
 2.73161111e+02
 2.73227778e+02
 2.73294444e+02
 2.73361111e+02
 2.73427778e+02
 2.73494444e+02
 2.73561111e+02
 2.73627778e+02
 2.73694444e+02
 2.73761111e+02
 2.73827778e+02
 2.73894444e+02
 2.73961111e+02
 2.74027778e+02
 2.74094444e+02
 2.74161111e+02
 2.74227778e+02
 2.74294444e+02
 2.74361111e+02
 2.74427778e+02
 2.74494444e+02
 2.74561111e+02
 2.74627778e+02
 2.74694444e+02
 2.74761111e+02
 2.74827778e+02
 2.74894444e+02
 2.74961111e+02
 2.75027778e+02
 2.75094444e+02
 2.75161111e+02
 2.75227778e+02
 2.75294444e+02
 2.75361111e+02
 2.75427778e+02
 2.75494444e+02
 2.75561111e+02
 2.75627778e+02
 2.75694444e+02
 2.75761111e+02
 2.75827778e+02
 2.75894444e+02
 2.75961111e+02
 2.76027778e+02
 2.76094444e+02
 2.76161111e+02
 2.76227778e+02
 2.76294444e+02
 2.76361111e+02
 2.76427778e+02
 2.76494444e+02
 2.76561111e+02
 2.76627778e+02
 2.76694444e+02
 2.76761111e+02
 2.76827778e+02
 2.76894444e+02
 2.76961111e+02
 2.77027778e+02
 2.77094444e+02
 2.77161111e+02
 2.77227778e+02
 2.77294444e+02
 2.77361111e+02
 2.77427778e+02
 2.77494444e+02
 2.77561111e+02
 2.77627778e+02
 2.77694444e+02
 2.77761111e+02
 2.77827778e+02
 2.77894444e+02
 2.77961111e+02
 2.78027778e+02
 2.78094444e+02
 2.78161111e+02
 2.78227778e+02
 2.78294444e+02
 2.78361111e+02
 2.78427778e+02
 2.78494444e+02
 2.78561111e+02
 2.78627778e+02
 2.78694444e+02
 2.78761111e+02
 2.78827778e+02
 2.78894444e+02
 2.78961111e+02
 2.79027778e+02
 2.79094444e+02
 2.79161111e+02
 2.79227778e+02
 2.79294444e+02
 2.79361111e+02
 2.79427778e+02
 2.79494444e+02
 2.79561111e+02
 2.79627778e+02
 2.79694444e+02
 2.79761111e+02
 2.79827778e+02
 2.79894444e+02
 2.79961111e+02
 2.80027778e+02
 2.80094444e+02
 2.80161111e+02
 2.80227778e+02
 2.80294444e+02
 2.80361111e+02
 2.80427778e+02
 2.80494444e+02
 2.80561111e+02
 2.80627778e+02
 2.80694444e+02
 2.80761111e+02
 2.80827778e+02
 2.80894444e+02
 2.80961111e+02
 2.81027778e+02
 2.81094444e+02
 2.81161111e+02
 2.81227778e+02
 2.81294444e+02
 2.81361111e+02
 2.81427778e+02
 2.81494444e+02
 2.81561111e+02
 2.81627778e+02
 2.81694444e+02
 2.81761111e+02
 2.81827778e+02
 2.81894444e+02
 2.81961111e+02
 2.82027778e+02
 2.82094444e+02
 2.82161111e+02
 2.82227778e+02
 2.82294444e+02
 2.82361111e+02
 2.82427778e+02
 2.82494444e+02
 2.82561111e+02
 2.82627778e+02
 2.82694444e+02
 2.82761111e+02
 2.82827778e+02
 2.82894444e+02
 2.82961111e+02
 2.83027778e+02
 2.83094444e+02
 2.83161111e+02
 2.83227778e+02
 2.83294444e+02
 2.83361111e+02
 2.83427778e+02
 2.83494444e+02
 2.83561111e+02
 2.83627778e+02
 2.83694444e+02
 2.83761111e+02
 2.83827778e+02
 2.83894444e+02
 2.83961111e+02
 2.84027778e+02
 2.84094444e+02
 2.84161111e+02
 2.84227778e+02
 2.84294444e+02
 2.84361111e+02
 2.84427778e+02
 2.84494444e+02
 2.84561111e+02
 2.84627778e+02
 2.84694444e+02
 2.84761111e+02
 2.84827778e+02
 2.84894444e+02
 2.84961111e+02
 2.85027778e+02
 2.85094444e+02
 2.85161111e+02
 2.85227778e+02
 2.85294444e+02
 2.85361111e+02
 2.85427778e+02
 2.85494444e+02
 2.85561111e+02
 2.85627778e+02
 2.85694444e+02
 2.85761111e+02
 2.85827778e+02
 2.85894444e+02
 2.85961111e+02
 2.86027778e+02
 2.86094444e+02
 2.86161111e+02
 2.86227778e+02
 2.86294444e+02
 2.86361111e+02
 2.86427778e+02
 2.86494444e+02
 2.86561111e+02
 2.86627778e+02
 2.86694444e+02
 2.86761111e+02
 2.86827778e+02
 2.86894444e+02
 2.86961111e+02
 2.87027778e+02
 2.87094444e+02
 2.87161111e+02
 2.87227778e+02
 2.87294444e+02
 2.87361111e+02
 2.87427778e+02
 2.87494444e+02
 2.87561111e+02
 2.87627778e+02
 2.87694444e+02
 2.87761111e+02
 2.87827778e+02
 2.87894444e+02
 2.87961111e+02
 2.88027778e+02
 2.88094444e+02
 2.88161111e+02
 2.88227778e+02
 2.88294444e+02
 2.88361111e+02
 2.88427778e+02
 2.88494444e+02
 2.88561111e+02
 2.88627778e+02
 2.88694444e+02
 2.88761111e+02
 2.88827778e+02
 2.88894444e+02
 2.88961111e+02
 2.89027778e+02
 2.89094444e+02
 2.89161111e+02
 2.89227778e+02
 2.89294444e+02
 2.89361111e+02
 2.89427778e+02
 2.89494444e+02
 2.89561111e+02
 2.89627778e+02
 2.89694444e+02
 2.89761111e+02
 2.89827778e+02
 2.89894444e+02
 2.89961111e+02
 2.90027778e+02
 2.90094444e+02
 2.90161111e+02
 2.90227778e+02
 2.90294444e+02
 2.90361111e+02
 2.90427778e+02
 2.90494444e+02
 2.90561111e+02
 2.90627778e+02
 2.90694444e+02
 2.90761111e+02
 2.90827778e+02
 2.90894444e+02
 2.90961111e+02
 2.91027778e+02
 2.91094444e+02
 2.91161111e+02
 2.91227778e+02
 2.91294444e+02
 2.91361111e+02
 2.91427778e+02
 2.91494444e+02
 2.91561111e+02
 2.91627778e+02
 2.91694444e+02
 2.91761111e+02
 2.91827778e+02
 2.91894444e+02
 2.91961111e+02
 2.92027778e+02
