 -7.60055556e+01
 -7.59388889e+01
 -7.58722222e+01
 -7.58055556e+01
 -7.57388889e+01
 -7.56722222e+01
 -7.56055556e+01
 -7.55388889e+01
 -7.54722222e+01
 -7.54055556e+01
 -7.53388889e+01
 -7.52722222e+01
 -7.52055556e+01
 -7.51388889e+01
 -7.50722222e+01
 -7.50055556e+01
 -7.49388889e+01
 -7.48722222e+01
 -7.48055556e+01
 -7.47388889e+01
 -7.46722222e+01
 -7.46055556e+01
 -7.45388889e+01
 -7.44722222e+01
 -7.44055556e+01
 -7.43388889e+01
 -7.42722222e+01
 -7.42055556e+01
 -7.41388889e+01
 -7.40722222e+01
 -7.40055556e+01
 -7.39388889e+01
 -7.38722222e+01
 -7.38055556e+01
 -7.37388889e+01
 -7.36722222e+01
 -7.36055556e+01
 -7.35388889e+01
 -7.34722222e+01
 -7.34055556e+01
 -7.33388889e+01
 -7.32722222e+01
 -7.32055556e+01
 -7.31388889e+01
 -7.30722222e+01
 -7.30055556e+01
 -7.29388889e+01
 -7.28722222e+01
 -7.28055556e+01
 -7.27388889e+01
 -7.26722222e+01
 -7.26055556e+01
 -7.25388889e+01
 -7.24722222e+01
 -7.24055556e+01
 -7.23388889e+01
 -7.22722222e+01
 -7.22055556e+01
 -7.21388889e+01
 -7.20722222e+01
 -7.20055556e+01
 -7.19388889e+01
 -7.18722222e+01
 -7.18055556e+01
 -7.17388889e+01
 -7.16722222e+01
 -7.16055556e+01
 -7.15388889e+01
 -7.14722222e+01
 -7.14055556e+01
 -7.13388889e+01
 -7.12722222e+01
 -7.12055556e+01
 -7.11388889e+01
 -7.10722222e+01
 -7.10055556e+01
 -7.09388889e+01
 -7.08722222e+01
 -7.08055556e+01
 -7.07388889e+01
 -7.06722222e+01
 -7.06055556e+01
 -7.05388889e+01
 -7.04722222e+01
 -7.04055556e+01
 -7.03388889e+01
 -7.02722222e+01
 -7.02055556e+01
 -7.01388889e+01
 -7.00722222e+01
 -7.00055556e+01
 -6.99388889e+01
 -6.98722222e+01
 -6.98055556e+01
 -6.97388889e+01
 -6.96722222e+01
 -6.96055556e+01
 -6.95388889e+01
 -6.94722222e+01
 -6.94055556e+01
 -6.93388889e+01
 -6.92722222e+01
 -6.92055556e+01
 -6.91388889e+01
 -6.90722222e+01
 -6.90055556e+01
 -6.89388889e+01
 -6.88722222e+01
 -6.88055556e+01
 -6.87388889e+01
 -6.86722222e+01
 -6.86055556e+01
 -6.85388889e+01
 -6.84722222e+01
 -6.84055556e+01
 -6.83388889e+01
 -6.82722222e+01
 -6.82055556e+01
 -6.81388889e+01
 -6.80722222e+01
 -6.80055556e+01
 -6.79388889e+01
 -6.78722222e+01
 -6.78055556e+01
 -6.77388889e+01
 -6.76722222e+01
 -6.76055556e+01
 -6.75388889e+01
 -6.74722222e+01
 -6.74055556e+01
 -6.73388889e+01
 -6.72722222e+01
 -6.72055556e+01
 -6.71388889e+01
 -6.70722222e+01
 -6.70055556e+01
 -6.69388889e+01
 -6.68722222e+01
 -6.68055556e+01
 -6.67388889e+01
 -6.66722222e+01
 -6.66055556e+01
 -6.65388889e+01
 -6.64722222e+01
 -6.64055556e+01
 -6.63388889e+01
 -6.62722222e+01
 -6.62055556e+01
 -6.61388889e+01
 -6.60722222e+01
 -6.60055556e+01
 -6.59388889e+01
 -6.58722222e+01
 -6.58055556e+01
 -6.57388889e+01
 -6.56722222e+01
 -6.56055556e+01
 -6.55388889e+01
 -6.54722222e+01
 -6.54055556e+01
 -6.53388889e+01
 -6.52722222e+01
 -6.52055556e+01
 -6.51388889e+01
 -6.50722222e+01
 -6.50055556e+01
 -6.49388889e+01
 -6.48722222e+01
 -6.48055556e+01
 -6.47388889e+01
 -6.46722222e+01
 -6.46055556e+01
 -6.45388889e+01
 -6.44722222e+01
 -6.44055556e+01
 -6.43388889e+01
 -6.42722222e+01
 -6.42055556e+01
 -6.41388889e+01
 -6.40722222e+01
 -6.40055556e+01
 -6.39388889e+01
 -6.38722222e+01
 -6.38055556e+01
 -6.37388889e+01
 -6.36722222e+01
 -6.36055556e+01
 -6.35388889e+01
 -6.34722222e+01
 -6.34055556e+01
 -6.33388889e+01
 -6.32722222e+01
 -6.32055556e+01
 -6.31388889e+01
 -6.30722222e+01
 -6.30055556e+01
 -6.29388889e+01
 -6.28722222e+01
 -6.28055556e+01
 -6.27388889e+01
 -6.26722222e+01
 -6.26055556e+01
 -6.25388889e+01
 -6.24722222e+01
 -6.24055556e+01
 -6.23388889e+01
 -6.22722222e+01
 -6.22055556e+01
 -6.21388889e+01
 -6.20722222e+01
 -6.20055556e+01
 -6.19388889e+01
 -6.18722222e+01
 -6.18055556e+01
 -6.17388889e+01
 -6.16722222e+01
 -6.16055556e+01
 -6.15388889e+01
 -6.14722222e+01
 -6.14055556e+01
 -6.13388889e+01
 -6.12722222e+01
 -6.12055556e+01
 -6.11388889e+01
 -6.10722222e+01
 -6.10055556e+01
 -6.09388889e+01
 -6.08722222e+01
 -6.08055556e+01
 -6.07388889e+01
 -6.06722222e+01
 -6.06055556e+01
 -6.05388889e+01
 -6.04722222e+01
 -6.04055556e+01
 -6.03388889e+01
 -6.02722222e+01
 -6.02055556e+01
 -6.01388889e+01
 -6.00722222e+01
 -6.00055556e+01
 -5.99388889e+01
 -5.98722222e+01
 -5.98055556e+01
 -5.97388889e+01
 -5.96722222e+01
 -5.96055556e+01
 -5.95388889e+01
 -5.94722222e+01
 -5.94055556e+01
 -5.93388889e+01
 -5.92722222e+01
 -5.92055556e+01
 -5.91388889e+01
 -5.90722222e+01
 -5.90055556e+01
 -5.89388889e+01
 -5.88722222e+01
 -5.88055556e+01
 -5.87388889e+01
 -5.86722222e+01
 -5.86055556e+01
 -5.85388889e+01
 -5.84722222e+01
 -5.84055556e+01
 -5.83388889e+01
 -5.82722222e+01
 -5.82055556e+01
 -5.81388889e+01
 -5.80722222e+01
 -5.80055556e+01
 -5.79388889e+01
 -5.78722222e+01
 -5.78055556e+01
 -5.77388889e+01
 -5.76722222e+01
 -5.76055556e+01
 -5.75388889e+01
 -5.74722222e+01
 -5.74055556e+01
 -5.73388889e+01
 -5.72722222e+01
 -5.72055556e+01
 -5.71388889e+01
 -5.70722222e+01
 -5.70055556e+01
 -5.69388889e+01
 -5.68722222e+01
 -5.68055556e+01
 -5.67388889e+01
 -5.66722222e+01
 -5.66055556e+01
 -5.65388889e+01
 -5.64722222e+01
 -5.64055556e+01
 -5.63388889e+01
 -5.62722222e+01
 -5.62055556e+01
 -5.61388889e+01
 -5.60722222e+01
 -5.60055556e+01
 -5.59388889e+01
 -5.58722222e+01
 -5.58055556e+01
 -5.57388889e+01
 -5.56722222e+01
 -5.56055556e+01
 -5.55388889e+01
 -5.54722222e+01
 -5.54055556e+01
 -5.53388889e+01
 -5.52722222e+01
 -5.52055556e+01
 -5.51388889e+01
 -5.50722222e+01
 -5.50055556e+01
 -5.49388889e+01
 -5.48722222e+01
 -5.48055556e+01
 -5.47388889e+01
 -5.46722222e+01
 -5.46055556e+01
 -5.45388889e+01
 -5.44722222e+01
 -5.44055556e+01
 -5.43388889e+01
 -5.42722222e+01
 -5.42055556e+01
 -5.41388889e+01
 -5.40722222e+01
 -5.40055556e+01
 -5.39388889e+01
 -5.38722222e+01
 -5.38055556e+01
 -5.37388889e+01
 -5.36722222e+01
 -5.36055556e+01
 -5.35388889e+01
 -5.34722222e+01
 -5.34055556e+01
 -5.33388889e+01
 -5.32722222e+01
 -5.32055556e+01
 -5.31388889e+01
 -5.30722222e+01
 -5.30055556e+01
 -5.29388889e+01
 -5.28722222e+01
 -5.28055556e+01
 -5.27388889e+01
 -5.26722222e+01
 -5.26055556e+01
 -5.25388889e+01
 -5.24722222e+01
 -5.24055556e+01
 -5.23388889e+01
 -5.22722222e+01
 -5.22055556e+01
 -5.21388889e+01
 -5.20722222e+01
 -5.20055556e+01
 -5.19388889e+01
 -5.18722222e+01
 -5.18055556e+01
 -5.17388889e+01
 -5.16722222e+01
 -5.16055556e+01
 -5.15388889e+01
 -5.14722222e+01
 -5.14055556e+01
 -5.13388889e+01
 -5.12722222e+01
 -5.12055556e+01
 -5.11388889e+01
 -5.10722222e+01
 -5.10055556e+01
 -5.09388889e+01
 -5.08722222e+01
 -5.08055556e+01
 -5.07388889e+01
 -5.06722222e+01
 -5.06055556e+01
 -5.05388889e+01
 -5.04722222e+01
 -5.04055556e+01
 -5.03388889e+01
 -5.02722222e+01
 -5.02055556e+01
 -5.01388889e+01
 -5.00722222e+01
 -5.00055556e+01
 -4.99388889e+01
 -4.98722222e+01
 -4.98055556e+01
 -4.97388889e+01
 -4.96722222e+01
 -4.96055556e+01
 -4.95388889e+01
 -4.94722222e+01
 -4.94055556e+01
 -4.93388889e+01
 -4.92722222e+01
 -4.92055556e+01
 -4.91388889e+01
 -4.90722222e+01
 -4.90055556e+01
 -4.89388889e+01
 -4.88722222e+01
 -4.88055556e+01
 -4.87388889e+01
 -4.86722222e+01
 -4.86055556e+01
 -4.85388889e+01
 -4.84722222e+01
 -4.84055556e+01
 -4.83388889e+01
 -4.82722222e+01
 -4.82055556e+01
 -4.81388889e+01
 -4.80722222e+01
 -4.80055556e+01
 -4.79388889e+01
 -4.78722222e+01
 -4.78055556e+01
 -4.77388889e+01
 -4.76722222e+01
 -4.76055556e+01
 -4.75388889e+01
 -4.74722222e+01
 -4.74055556e+01
 -4.73388889e+01
 -4.72722222e+01
 -4.72055556e+01
 -4.71388889e+01
 -4.70722222e+01
 -4.70055556e+01
 -4.69388889e+01
 -4.68722222e+01
 -4.68055556e+01
 -4.67388889e+01
 -4.66722222e+01
 -4.66055556e+01
 -4.65388889e+01
 -4.64722222e+01
 -4.64055556e+01
 -4.63388889e+01
 -4.62722222e+01
 -4.62055556e+01
 -4.61388889e+01
 -4.60722222e+01
 -4.60055556e+01
 -4.59388889e+01
 -4.58722222e+01
 -4.58055556e+01
 -4.57388889e+01
 -4.56722222e+01
 -4.56055556e+01
 -4.55388889e+01
 -4.54722222e+01
 -4.54055556e+01
 -4.53388889e+01
 -4.52722222e+01
 -4.52055556e+01
 -4.51388889e+01
 -4.50722222e+01
 -4.50055556e+01
 -4.49388889e+01
 -4.48722222e+01
 -4.48055556e+01
 -4.47388889e+01
 -4.46722222e+01
 -4.46055556e+01
 -4.45388889e+01
 -4.44722222e+01
 -4.44055556e+01
 -4.43388889e+01
 -4.42722222e+01
 -4.42055556e+01
 -4.41388889e+01
 -4.40722222e+01
 -4.40055556e+01
 -4.39388889e+01
 -4.38722222e+01
 -4.38055556e+01
 -4.37388889e+01
 -4.36722222e+01
 -4.36055556e+01
 -4.35388889e+01
 -4.34722222e+01
 -4.34055556e+01
 -4.33388889e+01
 -4.32722222e+01
 -4.32055556e+01
 -4.31388889e+01
 -4.30722222e+01
 -4.30055556e+01
 -4.29388889e+01
 -4.28722222e+01
 -4.28055556e+01
 -4.27388889e+01
 -4.26722222e+01
 -4.26055556e+01
 -4.25388889e+01
 -4.24722222e+01
 -4.24055556e+01
 -4.23388889e+01
 -4.22722222e+01
 -4.22055556e+01
 -4.21388889e+01
 -4.20722222e+01
 -4.20055556e+01
 -4.19388889e+01
 -4.18722222e+01
 -4.18055556e+01
 -4.17388889e+01
 -4.16722222e+01
 -4.16055556e+01
 -4.15388889e+01
 -4.14722222e+01
 -4.14055556e+01
 -4.13388889e+01
 -4.12722222e+01
 -4.12055556e+01
 -4.11388889e+01
 -4.10722222e+01
 -4.10055556e+01
 -4.09388889e+01
 -4.08722222e+01
 -4.08055556e+01
 -4.07388889e+01
 -4.06722222e+01
 -4.06055556e+01
 -4.05388889e+01
 -4.04722222e+01
 -4.04055556e+01
 -4.03388889e+01
 -4.02722222e+01
 -4.02055556e+01
 -4.01388889e+01
 -4.00722222e+01
 -4.00055556e+01
 -3.99388889e+01
 -3.98722222e+01
 -3.98055556e+01
 -3.97388889e+01
 -3.96722222e+01
 -3.96055556e+01
 -3.95388889e+01
 -3.94722222e+01
 -3.94055556e+01
 -3.93388889e+01
 -3.92722222e+01
 -3.92055556e+01
 -3.91388889e+01
 -3.90722222e+01
 -3.90055556e+01
 -3.89388889e+01
 -3.88722222e+01
 -3.88055556e+01
 -3.87388889e+01
 -3.86722222e+01
 -3.86055556e+01
 -3.85388889e+01
 -3.84722222e+01
 -3.84055556e+01
 -3.83388889e+01
 -3.82722222e+01
 -3.82055556e+01
 -3.81388889e+01
 -3.80722222e+01
 -3.80055556e+01
 -3.79388889e+01
 -3.78722222e+01
 -3.78055556e+01
 -3.77388889e+01
 -3.76722222e+01
 -3.76055556e+01
 -3.75388889e+01
 -3.74722222e+01
 -3.74055556e+01
 -3.73388889e+01
 -3.72722222e+01
 -3.72055556e+01
 -3.71388889e+01
 -3.70722222e+01
 -3.70055556e+01
 -3.69388889e+01
 -3.68722222e+01
 -3.68055556e+01
 -3.67388889e+01
 -3.66722222e+01
 -3.66055556e+01
 -3.65388889e+01
 -3.64722222e+01
 -3.64055556e+01
 -3.63388889e+01
 -3.62722222e+01
 -3.62055556e+01
 -3.61388889e+01
 -3.60722222e+01
 -3.60055556e+01
 -3.59388889e+01
 -3.58722222e+01
 -3.58055556e+01
 -3.57388889e+01
 -3.56722222e+01
 -3.56055556e+01
 -3.55388889e+01
 -3.54722222e+01
 -3.54055556e+01
 -3.53388889e+01
 -3.52722222e+01
 -3.52055556e+01
 -3.51388889e+01
 -3.50722222e+01
 -3.50055556e+01
 -3.49388889e+01
 -3.48722222e+01
 -3.48055556e+01
 -3.47388889e+01
 -3.46722222e+01
 -3.46055556e+01
 -3.45388889e+01
 -3.44722222e+01
 -3.44055556e+01
 -3.43388889e+01
 -3.42722222e+01
 -3.42055556e+01
 -3.41388889e+01
 -3.40722222e+01
 -3.40055556e+01
 -3.39388889e+01
 -3.38722222e+01
 -3.38055556e+01
 -3.37388889e+01
 -3.36722222e+01
 -3.36055556e+01
 -3.35388889e+01
 -3.34722222e+01
 -3.34055556e+01
 -3.33388889e+01
 -3.32722222e+01
 -3.32055556e+01
 -3.31388889e+01
 -3.30722222e+01
 -3.30055556e+01
 -3.29388889e+01
 -3.28722222e+01
 -3.28055556e+01
 -3.27388889e+01
 -3.26722222e+01
 -3.26055556e+01
 -3.25388889e+01
 -3.24722222e+01
 -3.24055556e+01
 -3.23388889e+01
 -3.22722222e+01
 -3.22055556e+01
 -3.21388889e+01
 -3.20722222e+01
 -3.20055556e+01
 -3.19388889e+01
 -3.18722222e+01
 -3.18055556e+01
 -3.17388889e+01
 -3.16722222e+01
 -3.16055556e+01
 -3.15388889e+01
 -3.14722222e+01
 -3.14055556e+01
 -3.13388889e+01
 -3.12722222e+01
 -3.12055556e+01
 -3.11388889e+01
 -3.10722222e+01
 -3.10055556e+01
 -3.09388889e+01
 -3.08722222e+01
 -3.08055556e+01
 -3.07388889e+01
 -3.06722222e+01
 -3.06055556e+01
 -3.05388889e+01
 -3.04722222e+01
 -3.04055556e+01
 -3.03388889e+01
 -3.02722222e+01
 -3.02055556e+01
 -3.01388889e+01
 -3.00722222e+01
 -3.00055556e+01
 -2.99388889e+01
 -2.98722222e+01
 -2.98055556e+01
 -2.97388889e+01
 -2.96722222e+01
 -2.96055556e+01
 -2.95388889e+01
 -2.94722222e+01
 -2.94055556e+01
 -2.93388889e+01
 -2.92722222e+01
 -2.92055556e+01
 -2.91388889e+01
 -2.90722222e+01
 -2.90055556e+01
 -2.89388889e+01
 -2.88722222e+01
 -2.88055556e+01
 -2.87388889e+01
 -2.86722222e+01
 -2.86055556e+01
 -2.85388889e+01
 -2.84722222e+01
 -2.84055556e+01
 -2.83388889e+01
 -2.82722222e+01
 -2.82055556e+01
 -2.81388889e+01
 -2.80722222e+01
 -2.80055556e+01
 -2.79388889e+01
 -2.78722222e+01
 -2.78055556e+01
 -2.77388889e+01
 -2.76722222e+01
 -2.76055556e+01
 -2.75388889e+01
 -2.74722222e+01
 -2.74055556e+01
 -2.73388889e+01
 -2.72722222e+01
 -2.72055556e+01
 -2.71388889e+01
 -2.70722222e+01
 -2.70055556e+01
 -2.69388889e+01
 -2.68722222e+01
 -2.68055556e+01
 -2.67388889e+01
 -2.66722222e+01
 -2.66055556e+01
 -2.65388889e+01
 -2.64722222e+01
 -2.64055556e+01
 -2.63388889e+01
 -2.62722222e+01
 -2.62055556e+01
 -2.61388889e+01
 -2.60722222e+01
 -2.60055556e+01
 -2.59388889e+01
 -2.58722222e+01
 -2.58055556e+01
 -2.57388889e+01
 -2.56722222e+01
 -2.56055556e+01
 -2.55388889e+01
 -2.54722222e+01
 -2.54055556e+01
 -2.53388889e+01
 -2.52722222e+01
 -2.52055556e+01
 -2.51388889e+01
 -2.50722222e+01
 -2.50055556e+01
 -2.49388889e+01
 -2.48722222e+01
 -2.48055556e+01
 -2.47388889e+01
 -2.46722222e+01
 -2.46055556e+01
 -2.45388889e+01
 -2.44722222e+01
 -2.44055556e+01
 -2.43388889e+01
 -2.42722222e+01
 -2.42055556e+01
 -2.41388889e+01
 -2.40722222e+01
 -2.40055556e+01
 -2.39388889e+01
 -2.38722222e+01
 -2.38055556e+01
 -2.37388889e+01
 -2.36722222e+01
 -2.36055556e+01
 -2.35388889e+01
 -2.34722222e+01
 -2.34055556e+01
 -2.33388889e+01
 -2.32722222e+01
 -2.32055556e+01
 -2.31388889e+01
 -2.30722222e+01
 -2.30055556e+01
 -2.29388889e+01
 -2.28722222e+01
 -2.28055556e+01
 -2.27388889e+01
 -2.26722222e+01
 -2.26055556e+01
 -2.25388889e+01
 -2.24722222e+01
 -2.24055556e+01
 -2.23388889e+01
 -2.22722222e+01
 -2.22055556e+01
 -2.21388889e+01
 -2.20722222e+01
 -2.20055556e+01
 -2.19388889e+01
 -2.18722222e+01
 -2.18055556e+01
 -2.17388889e+01
 -2.16722222e+01
 -2.16055556e+01
 -2.15388889e+01
 -2.14722222e+01
 -2.14055556e+01
 -2.13388889e+01
 -2.12722222e+01
 -2.12055556e+01
 -2.11388889e+01
 -2.10722222e+01
 -2.10055556e+01
 -2.09388889e+01
 -2.08722222e+01
 -2.08055556e+01
 -2.07388889e+01
 -2.06722222e+01
 -2.06055556e+01
 -2.05388889e+01
 -2.04722222e+01
 -2.04055556e+01
 -2.03388889e+01
 -2.02722222e+01
 -2.02055556e+01
 -2.01388889e+01
 -2.00722222e+01
 -2.00055556e+01
 -1.99388889e+01
 -1.98722222e+01
 -1.98055556e+01
 -1.97388889e+01
 -1.96722222e+01
 -1.96055556e+01
 -1.95388889e+01
 -1.94722222e+01
 -1.94055556e+01
 -1.93388889e+01
 -1.92722222e+01
 -1.92055556e+01
 -1.91388889e+01
 -1.90722222e+01
 -1.90055556e+01
 -1.89388889e+01
 -1.88722222e+01
 -1.88055556e+01
 -1.87388889e+01
 -1.86722222e+01
 -1.86055556e+01
 -1.85388889e+01
 -1.84722222e+01
 -1.84055556e+01
 -1.83388889e+01
 -1.82722222e+01
 -1.82055556e+01
 -1.81388889e+01
 -1.80722222e+01
 -1.80055556e+01
 -1.79388889e+01
 -1.78722222e+01
 -1.78055556e+01
 -1.77388889e+01
 -1.76722222e+01
 -1.76055556e+01
 -1.75388889e+01
 -1.74722222e+01
 -1.74055556e+01
 -1.73388889e+01
 -1.72722222e+01
 -1.72055556e+01
 -1.71388889e+01
 -1.70722222e+01
 -1.70055556e+01
 -1.69388889e+01
 -1.68722222e+01
 -1.68055556e+01
 -1.67388889e+01
 -1.66722222e+01
 -1.66055556e+01
 -1.65388889e+01
 -1.64722222e+01
 -1.64055556e+01
 -1.63388889e+01
 -1.62722222e+01
 -1.62055556e+01
 -1.61388889e+01
 -1.60722222e+01
 -1.60055556e+01
 -1.59388889e+01
 -1.58722222e+01
 -1.58055556e+01
 -1.57388889e+01
 -1.56722222e+01
 -1.56055556e+01
 -1.55388889e+01
 -1.54722222e+01
 -1.54055556e+01
 -1.53388889e+01
 -1.52722222e+01
 -1.52055556e+01
 -1.51388889e+01
 -1.50722222e+01
 -1.50055556e+01
 -1.49388889e+01
 -1.48722222e+01
 -1.48055556e+01
 -1.47388889e+01
 -1.46722222e+01
 -1.46055556e+01
 -1.45388889e+01
 -1.44722222e+01
 -1.44055556e+01
 -1.43388889e+01
 -1.42722222e+01
 -1.42055556e+01
 -1.41388889e+01
 -1.40722222e+01
 -1.40055556e+01
 -1.39388889e+01
 -1.38722222e+01
 -1.38055556e+01
 -1.37388889e+01
 -1.36722222e+01
 -1.36055556e+01
 -1.35388889e+01
 -1.34722222e+01
 -1.34055556e+01
 -1.33388889e+01
 -1.32722222e+01
 -1.32055556e+01
 -1.31388889e+01
 -1.30722222e+01
 -1.30055556e+01
 -1.29388889e+01
 -1.28722222e+01
 -1.28055556e+01
 -1.27388889e+01
 -1.26722222e+01
 -1.26055556e+01
 -1.25388889e+01
 -1.24722222e+01
 -1.24055556e+01
 -1.23388889e+01
 -1.22722222e+01
 -1.22055556e+01
 -1.21388889e+01
 -1.20722222e+01
 -1.20055556e+01
 -1.19388889e+01
 -1.18722222e+01
 -1.18055556e+01
 -1.17388889e+01
 -1.16722222e+01
 -1.16055556e+01
 -1.15388889e+01
 -1.14722222e+01
 -1.14055556e+01
 -1.13388889e+01
 -1.12722222e+01
 -1.12055556e+01
 -1.11388889e+01
 -1.10722222e+01
 -1.10055556e+01
 -1.09388889e+01
 -1.08722222e+01
 -1.08055556e+01
 -1.07388889e+01
 -1.06722222e+01
 -1.06055556e+01
 -1.05388889e+01
 -1.04722222e+01
 -1.04055556e+01
 -1.03388889e+01
 -1.02722222e+01
 -1.02055556e+01
 -1.01388889e+01
 -1.00722222e+01
 -1.00055556e+01
 -9.93888889e+00
 -9.87222223e+00
 -9.80555556e+00
 -9.73888889e+00
 -9.67222223e+00
 -9.60555556e+00
 -9.53888889e+00
 -9.47222223e+00
 -9.40555556e+00
 -9.33888889e+00
 -9.27222223e+00
 -9.20555556e+00
 -9.13888889e+00
 -9.07222223e+00
 -9.00555556e+00
 -8.93888889e+00
 -8.87222223e+00
 -8.80555556e+00
 -8.73888889e+00
 -8.67222223e+00
 -8.60555556e+00
 -8.53888889e+00
 -8.47222223e+00
 -8.40555556e+00
 -8.33888889e+00
 -8.27222223e+00
 -8.20555556e+00
 -8.13888889e+00
 -8.07222223e+00
 -8.00555556e+00
 -7.93888889e+00
 -7.87222223e+00
 -7.80555556e+00
 -7.73888889e+00
 -7.67222223e+00
 -7.60555556e+00
 -7.53888889e+00
 -7.47222223e+00
 -7.40555556e+00
 -7.33888889e+00
 -7.27222223e+00
 -7.20555556e+00
 -7.13888889e+00
 -7.07222223e+00
 -7.00555556e+00
 -6.93888889e+00
 -6.87222223e+00
 -6.80555556e+00
 -6.73888889e+00
 -6.67222223e+00
 -6.60555556e+00
 -6.53888889e+00
 -6.47222223e+00
 -6.40555556e+00
 -6.33888889e+00
 -6.27222223e+00
 -6.20555556e+00
 -6.13888889e+00
 -6.07222223e+00
 -6.00555556e+00
 -5.93888889e+00
 -5.87222223e+00
 -5.80555556e+00
 -5.73888889e+00
 -5.67222223e+00
 -5.60555556e+00
 -5.53888889e+00
 -5.47222223e+00
 -5.40555556e+00
 -5.33888889e+00
 -5.27222223e+00
 -5.20555556e+00
 -5.13888889e+00
 -5.07222223e+00
 -5.00555556e+00
 -4.93888889e+00
 -4.87222223e+00
 -4.80555556e+00
 -4.73888889e+00
 -4.67222223e+00
 -4.60555556e+00
 -4.53888889e+00
 -4.47222223e+00
 -4.40555556e+00
 -4.33888889e+00
 -4.27222223e+00
 -4.20555556e+00
 -4.13888889e+00
 -4.07222223e+00
 -4.00555556e+00
 -3.93888889e+00
 -3.87222223e+00
 -3.80555556e+00
 -3.73888889e+00
 -3.67222223e+00
 -3.60555556e+00
 -3.53888889e+00
 -3.47222223e+00
 -3.40555556e+00
 -3.33888889e+00
 -3.27222223e+00
 -3.20555556e+00
 -3.13888889e+00
 -3.07222223e+00
 -3.00555556e+00
 -2.93888889e+00
 -2.87222223e+00
 -2.80555556e+00
 -2.73888889e+00
 -2.67222223e+00
 -2.60555556e+00
 -2.53888889e+00
 -2.47222223e+00
 -2.40555556e+00
 -2.33888889e+00
 -2.27222223e+00
 -2.20555556e+00
 -2.13888889e+00
 -2.07222223e+00
 -2.00555556e+00
 -1.93888889e+00
 -1.87222223e+00
 -1.80555556e+00
 -1.73888889e+00
 -1.67222223e+00
 -1.60555556e+00
 -1.53888889e+00
 -1.47222223e+00
 -1.40555556e+00
 -1.33888889e+00
 -1.27222223e+00
 -1.20555556e+00
 -1.13888889e+00
 -1.07222223e+00
 -1.00555556e+00
 -9.38888893e-01
 -8.72222227e-01
 -8.05555560e-01
 -7.38888893e-01
 -6.72222227e-01
 -6.05555560e-01
 -5.38888893e-01
 -4.72222227e-01
 -4.05555560e-01
 -3.38888893e-01
 -2.72222227e-01
 -2.05555560e-01
 -1.38888893e-01
 -7.22222267e-02
 -5.55556000e-03
 6.11111067e-02
 1.27777773e-01
 1.94444440e-01
 2.61111107e-01
 3.27777773e-01
 3.94444440e-01
 4.61111107e-01
 5.27777773e-01
 5.94444440e-01
 6.61111107e-01
 7.27777773e-01
 7.94444440e-01
 8.61111107e-01
 9.27777773e-01
 9.94444440e-01
 1.06111111e+00
 1.12777777e+00
 1.19444444e+00
 1.26111111e+00
 1.32777777e+00
 1.39444444e+00
 1.46111111e+00
 1.52777777e+00
 1.59444444e+00
 1.66111111e+00
 1.72777777e+00
 1.79444444e+00
 1.86111111e+00
 1.92777777e+00
 1.99444444e+00
 2.06111111e+00
 2.12777777e+00
 2.19444444e+00
 2.26111111e+00
 2.32777777e+00
 2.39444444e+00
 2.46111111e+00
 2.52777777e+00
 2.59444444e+00
 2.66111111e+00
 2.72777777e+00
 2.79444444e+00
 2.86111111e+00
 2.92777777e+00
 2.99444444e+00
 3.06111111e+00
 3.12777777e+00
 3.19444444e+00
 3.26111111e+00
 3.32777777e+00
 3.39444444e+00
 3.46111111e+00
 3.52777777e+00
 3.59444444e+00
 3.66111111e+00
 3.72777777e+00
 3.79444444e+00
 3.86111111e+00
 3.92777777e+00
 3.99444444e+00
 4.06111111e+00
 4.12777777e+00
 4.19444444e+00
 4.26111111e+00
 4.32777777e+00
 4.39444444e+00
 4.46111111e+00
 4.52777777e+00
 4.59444444e+00
 4.66111111e+00
 4.72777777e+00
 4.79444444e+00
 4.86111111e+00
 4.92777777e+00
 4.99444444e+00
 5.06111111e+00
 5.12777777e+00
 5.19444444e+00
 5.26111111e+00
 5.32777777e+00
 5.39444444e+00
 5.46111111e+00
 5.52777777e+00
 5.59444444e+00
 5.66111111e+00
 5.72777777e+00
 5.79444444e+00
 5.86111111e+00
 5.92777777e+00
 5.99444444e+00
 6.06111111e+00
 6.12777777e+00
 6.19444444e+00
 6.26111111e+00
 6.32777777e+00
 6.39444444e+00
 6.46111111e+00
 6.52777777e+00
 6.59444444e+00
 6.66111111e+00
 6.72777777e+00
 6.79444444e+00
 6.86111111e+00
 6.92777777e+00
 6.99444444e+00
 7.06111111e+00
 7.12777777e+00
 7.19444444e+00
 7.26111111e+00
 7.32777777e+00
 7.39444444e+00
 7.46111111e+00
 7.52777777e+00
 7.59444444e+00
 7.66111111e+00
 7.72777777e+00
 7.79444444e+00
 7.86111111e+00
 7.92777777e+00
 7.99444444e+00
 8.06111111e+00
 8.12777777e+00
 8.19444444e+00
 8.26111111e+00
 8.32777777e+00
 8.39444444e+00
 8.46111111e+00
 8.52777777e+00
 8.59444444e+00
 8.66111111e+00
 8.72777777e+00
 8.79444444e+00
 8.86111111e+00
 8.92777777e+00
 8.99444444e+00
 9.06111111e+00
 9.12777777e+00
 9.19444444e+00
 9.26111111e+00
 9.32777777e+00
 9.39444444e+00
 9.46111111e+00
 9.52777777e+00
 9.59444444e+00
 9.66111111e+00
 9.72777777e+00
 9.79444444e+00
 9.86111111e+00
 9.92777777e+00
 9.99444444e+00
 1.00611111e+01
 1.01277778e+01
 1.01944444e+01
 1.02611111e+01
 1.03277778e+01
 1.03944444e+01
 1.04611111e+01
 1.05277778e+01
 1.05944444e+01
 1.06611111e+01
 1.07277778e+01
 1.07944444e+01
 1.08611111e+01
 1.09277778e+01
 1.09944444e+01
 1.10611111e+01
 1.11277778e+01
 1.11944444e+01
 1.12611111e+01
 1.13277778e+01
 1.13944444e+01
 1.14611111e+01
 1.15277778e+01
 1.15944444e+01
 1.16611111e+01
 1.17277778e+01
 1.17944444e+01
 1.18611111e+01
 1.19277778e+01
 1.19944444e+01
 1.20611111e+01
 1.21277778e+01
 1.21944444e+01
 1.22611111e+01
 1.23277778e+01
 1.23944444e+01
 1.24611111e+01
 1.25277778e+01
 1.25944444e+01
 1.26611111e+01
 1.27277778e+01
 1.27944444e+01
 1.28611111e+01
 1.29277778e+01
 1.29944444e+01
 1.30611111e+01
 1.31277778e+01
 1.31944444e+01
 1.32611111e+01
 1.33277778e+01
 1.33944444e+01
 1.34611111e+01
 1.35277778e+01
 1.35944444e+01
 1.36611111e+01
 1.37277778e+01
 1.37944444e+01
 1.38611111e+01
 1.39277778e+01
 1.39944444e+01
 1.40611111e+01
 1.41277778e+01
 1.41944444e+01
 1.42611111e+01
 1.43277778e+01
 1.43944444e+01
 1.44611111e+01
 1.45277778e+01
 1.45944444e+01
 1.46611111e+01
 1.47277778e+01
 1.47944444e+01
 1.48611111e+01
 1.49277778e+01
 1.49944444e+01
 1.50611111e+01
 1.51277778e+01
 1.51944444e+01
 1.52611111e+01
 1.53277778e+01
 1.53944444e+01
 1.54611111e+01
 1.55277778e+01
 1.55944444e+01
 1.56611111e+01
 1.57277778e+01
 1.57944444e+01
 1.58611111e+01
 1.59277778e+01
 1.59944444e+01
 1.60611111e+01
 1.61277778e+01
 1.61944444e+01
 1.62611111e+01
 1.63277778e+01
 1.63944444e+01
 1.64611111e+01
 1.65277778e+01
 1.65944444e+01
 1.66611111e+01
 1.67277778e+01
 1.67944444e+01
 1.68611111e+01
 1.69277778e+01
 1.69944444e+01
 1.70611111e+01
 1.71277778e+01
 1.71944444e+01
 1.72611111e+01
 1.73277778e+01
 1.73944444e+01
 1.74611111e+01
 1.75277778e+01
 1.75944444e+01
 1.76611111e+01
 1.77277778e+01
 1.77944444e+01
 1.78611111e+01
 1.79277778e+01
 1.79944444e+01
 1.80611111e+01
 1.81277778e+01
 1.81944444e+01
 1.82611111e+01
 1.83277778e+01
 1.83944444e+01
 1.84611111e+01
 1.85277778e+01
 1.85944444e+01
 1.86611111e+01
 1.87277778e+01
 1.87944444e+01
 1.88611111e+01
 1.89277778e+01
 1.89944444e+01
 1.90611111e+01
 1.91277778e+01
 1.91944444e+01
 1.92611111e+01
 1.93277778e+01
 1.93944444e+01
 1.94611111e+01
 1.95277778e+01
 1.95944444e+01
 1.96611111e+01
 1.97277778e+01
 1.97944444e+01
 1.98611111e+01
 1.99277778e+01
 1.99944444e+01
 2.00611111e+01
 2.01277778e+01
 2.01944444e+01
 2.02611111e+01
 2.03277778e+01
 2.03944444e+01
 2.04611111e+01
 2.05277778e+01
 2.05944444e+01
 2.06611111e+01
 2.07277778e+01
 2.07944444e+01
 2.08611111e+01
 2.09277778e+01
 2.09944444e+01
 2.10611111e+01
 2.11277778e+01
 2.11944444e+01
 2.12611111e+01
 2.13277778e+01
 2.13944444e+01
 2.14611111e+01
 2.15277778e+01
 2.15944444e+01
 2.16611111e+01
 2.17277778e+01
 2.17944444e+01
 2.18611111e+01
 2.19277778e+01
 2.19944444e+01
 2.20611111e+01
 2.21277778e+01
 2.21944444e+01
 2.22611111e+01
 2.23277778e+01
 2.23944444e+01
 2.24611111e+01
 2.25277778e+01
 2.25944444e+01
 2.26611111e+01
 2.27277778e+01
 2.27944444e+01
 2.28611111e+01
 2.29277778e+01
 2.29944444e+01
 2.30611111e+01
 2.31277778e+01
 2.31944444e+01
 2.32611111e+01
 2.33277778e+01
 2.33944444e+01
 2.34611111e+01
 2.35277778e+01
 2.35944444e+01
 2.36611111e+01
 2.37277778e+01
 2.37944444e+01
 2.38611111e+01
 2.39277778e+01
 2.39944444e+01
 2.40611111e+01
 2.41277778e+01
 2.41944444e+01
 2.42611111e+01
 2.43277778e+01
 2.43944444e+01
 2.44611111e+01
 2.45277778e+01
 2.45944444e+01
 2.46611111e+01
 2.47277778e+01
 2.47944444e+01
 2.48611111e+01
 2.49277778e+01
 2.49944444e+01
 2.50611111e+01
 2.51277778e+01
 2.51944444e+01
 2.52611111e+01
 2.53277778e+01
 2.53944444e+01
 2.54611111e+01
 2.55277778e+01
 2.55944444e+01
 2.56611111e+01
 2.57277778e+01
 2.57944444e+01
 2.58611111e+01
 2.59277778e+01
 2.59944444e+01
 2.60611111e+01
 2.61277778e+01
 2.61944444e+01
 2.62611111e+01
 2.63277778e+01
 2.63944444e+01
 2.64611111e+01
 2.65277778e+01
 2.65944444e+01
 2.66611111e+01
 2.67277778e+01
 2.67944444e+01
 2.68611111e+01
 2.69277778e+01
 2.69944444e+01
 2.70611111e+01
 2.71277778e+01
 2.71944444e+01
 2.72611111e+01
 2.73277778e+01
 2.73944444e+01
 2.74611111e+01
 2.75277778e+01
 2.75944444e+01
 2.76611111e+01
 2.77277778e+01
 2.77944444e+01
 2.78611111e+01
 2.79277778e+01
 2.79944444e+01
 2.80611111e+01
 2.81277778e+01
 2.81944444e+01
 2.82611111e+01
 2.83277778e+01
 2.83944444e+01
 2.84611111e+01
 2.85277778e+01
 2.85944444e+01
 2.86611111e+01
 2.87277778e+01
 2.87944444e+01
 2.88611111e+01
 2.89277778e+01
 2.89944444e+01
 2.90611111e+01
 2.91277778e+01
 2.91944444e+01
 2.92611111e+01
 2.93277778e+01
 2.93944444e+01
 2.94611111e+01
 2.95277778e+01
 2.95944444e+01
 2.96611111e+01
 2.97277778e+01
 2.97944444e+01
 2.98611111e+01
 2.99277778e+01
 2.99944444e+01
 3.00611111e+01
 3.01277778e+01
 3.01944444e+01
 3.02611111e+01
 3.03277778e+01
 3.03944444e+01
 3.04611111e+01
 3.05277778e+01
 3.05944444e+01
 3.06611111e+01
 3.07277778e+01
 3.07944444e+01
 3.08611111e+01
 3.09277778e+01
 3.09944444e+01
 3.10611111e+01
 3.11277778e+01
 3.11944444e+01
 3.12611111e+01
 3.13277778e+01
 3.13944444e+01
 3.14611111e+01
 3.15277778e+01
 3.15944444e+01
 3.16611111e+01
 3.17277778e+01
 3.17944444e+01
 3.18611111e+01
 3.19277778e+01
 3.19944444e+01
 3.20611111e+01
 3.21277778e+01
 3.21944444e+01
 3.22611111e+01
 3.23277778e+01
 3.23944444e+01
 3.24611111e+01
 3.25277778e+01
 3.25944444e+01
 3.26611111e+01
 3.27277778e+01
 3.27944444e+01
 3.28611111e+01
 3.29277778e+01
 3.29944444e+01
 3.30611111e+01
 3.31277778e+01
 3.31944444e+01
 3.32611111e+01
 3.33277778e+01
 3.33944444e+01
 3.34611111e+01
 3.35277778e+01
 3.35944444e+01
 3.36611111e+01
 3.37277778e+01
 3.37944444e+01
 3.38611111e+01
 3.39277778e+01
 3.39944444e+01
 3.40611111e+01
 3.41277778e+01
 3.41944444e+01
 3.42611111e+01
 3.43277778e+01
 3.43944444e+01
 3.44611111e+01
 3.45277778e+01
 3.45944444e+01
 3.46611111e+01
 3.47277778e+01
 3.47944444e+01
 3.48611111e+01
 3.49277778e+01
 3.49944444e+01
 3.50611111e+01
 3.51277778e+01
 3.51944444e+01
 3.52611111e+01
 3.53277778e+01
 3.53944444e+01
 3.54611111e+01
 3.55277778e+01
 3.55944444e+01
 3.56611111e+01
 3.57277778e+01
 3.57944444e+01
 3.58611111e+01
 3.59277778e+01
 3.59944444e+01
 3.60611111e+01
 3.61277778e+01
 3.61944444e+01
 3.62611111e+01
 3.63277778e+01
 3.63944444e+01
 3.64611111e+01
 3.65277778e+01
 3.65944444e+01
 3.66611111e+01
 3.67277778e+01
 3.67944444e+01
 3.68611111e+01
 3.69277778e+01
 3.69944444e+01
 3.70611111e+01
 3.71277778e+01
 3.71944444e+01
 3.72611111e+01
 3.73277778e+01
 3.73944444e+01
 3.74611111e+01
 3.75277778e+01
 3.75944444e+01
 3.76611111e+01
 3.77277778e+01
 3.77944444e+01
 3.78611111e+01
 3.79277778e+01
 3.79944444e+01
 3.80611111e+01
 3.81277778e+01
 3.81944444e+01
 3.82611111e+01
 3.83277778e+01
 3.83944444e+01
 3.84611111e+01
 3.85277778e+01
 3.85944444e+01
 3.86611111e+01
 3.87277778e+01
 3.87944444e+01
 3.88611111e+01
 3.89277778e+01
 3.89944444e+01
 3.90611111e+01
 3.91277778e+01
 3.91944444e+01
 3.92611111e+01
 3.93277778e+01
 3.93944444e+01
 3.94611111e+01
 3.95277778e+01
 3.95944444e+01
 3.96611111e+01
 3.97277778e+01
 3.97944444e+01
 3.98611111e+01
 3.99277778e+01
 3.99944444e+01
 4.00611111e+01
 4.01277778e+01
 4.01944444e+01
 4.02611111e+01
 4.03277778e+01
 4.03944444e+01
 4.04611111e+01
 4.05277778e+01
 4.05944444e+01
 4.06611111e+01
 4.07277778e+01
 4.07944444e+01
 4.08611111e+01
 4.09277778e+01
 4.09944444e+01
 4.10611111e+01
 4.11277778e+01
 4.11944444e+01
 4.12611111e+01
 4.13277778e+01
 4.13944444e+01
 4.14611111e+01
 4.15277778e+01
 4.15944444e+01
 4.16611111e+01
 4.17277778e+01
 4.17944444e+01
 4.18611111e+01
 4.19277778e+01
 4.19944444e+01
 4.20611111e+01
 4.21277778e+01
 4.21944444e+01
 4.22611111e+01
 4.23277778e+01
 4.23944444e+01
 4.24611111e+01
 4.25277778e+01
 4.25944444e+01
 4.26611111e+01
 4.27277778e+01
 4.27944444e+01
 4.28611111e+01
 4.29277778e+01
 4.29944444e+01
 4.30611111e+01
 4.31277778e+01
 4.31944444e+01
 4.32611111e+01
 4.33277778e+01
 4.33944444e+01
 4.34611111e+01
 4.35277778e+01
 4.35944444e+01
 4.36611111e+01
 4.37277778e+01
 4.37944444e+01
 4.38611111e+01
 4.39277778e+01
 4.39944444e+01
 4.40611111e+01
 4.41277778e+01
 4.41944444e+01
 4.42611111e+01
 4.43277778e+01
 4.43944444e+01
 4.44611111e+01
 4.45277778e+01
 4.45944444e+01
 4.46611111e+01
 4.47277778e+01
 4.47944444e+01
 4.48611111e+01
 4.49277778e+01
 4.49944444e+01
 4.50611111e+01
 4.51277778e+01
 4.51944444e+01
 4.52611111e+01
 4.53277778e+01
 4.53944444e+01
 4.54611111e+01
 4.55277778e+01
 4.55944444e+01
 4.56611111e+01
 4.57277778e+01
 4.57944444e+01
 4.58611111e+01
 4.59277778e+01
 4.59944444e+01
 4.60611111e+01
 4.61277778e+01
 4.61944444e+01
 4.62611111e+01
 4.63277778e+01
 4.63944444e+01
 4.64611111e+01
 4.65277778e+01
 4.65944444e+01
 4.66611111e+01
 4.67277778e+01
 4.67944444e+01
 4.68611111e+01
 4.69277778e+01
 4.69944444e+01
 4.70611111e+01
 4.71277778e+01
 4.71944444e+01
 4.72611111e+01
 4.73277778e+01
 4.73944444e+01
 4.74611111e+01
 4.75277778e+01
 4.75944444e+01
 4.76611111e+01
 4.77277778e+01
 4.77944444e+01
 4.78611111e+01
 4.79277778e+01
 4.79944444e+01
 4.80611111e+01
 4.81277778e+01
 4.81944444e+01
 4.82611111e+01
 4.83277778e+01
 4.83944444e+01
 4.84611111e+01
 4.85277778e+01
 4.85944444e+01
 4.86611111e+01
 4.87277778e+01
 4.87944444e+01
 4.88611111e+01
 4.89277778e+01
 4.89944444e+01
 4.90611111e+01
 4.91277778e+01
 4.91944444e+01
 4.92611111e+01
 4.93277778e+01
 4.93944444e+01
 4.94611111e+01
 4.95277778e+01
 4.95944444e+01
 4.96611111e+01
 4.97277778e+01
 4.97944444e+01
 4.98611111e+01
 4.99277778e+01
 4.99944444e+01
 5.00611111e+01
 5.01277778e+01
 5.01944444e+01
 5.02611111e+01
 5.03277778e+01
 5.03944444e+01
 5.04611111e+01
 5.05277778e+01
 5.05944444e+01
 5.06611111e+01
 5.07277778e+01
 5.07944444e+01
 5.08611111e+01
 5.09277778e+01
 5.09944444e+01
 5.10611111e+01
 5.11277778e+01
 5.11944444e+01
 5.12611111e+01
 5.13277778e+01
 5.13944444e+01
 5.14611111e+01
 5.15277778e+01
 5.15944444e+01
 5.16611111e+01
 5.17277778e+01
 5.17944444e+01
 5.18611111e+01
 5.19277778e+01
 5.19944444e+01
 5.20611111e+01
 5.21277778e+01
 5.21944444e+01
 5.22611111e+01
 5.23277778e+01
 5.23944444e+01
 5.24611111e+01
 5.25277778e+01
 5.25944444e+01
 5.26611111e+01
 5.27277778e+01
 5.27944444e+01
 5.28611111e+01
 5.29277778e+01
 5.29944444e+01
 5.30611111e+01
 5.31277778e+01
 5.31944444e+01
 5.32611111e+01
 5.33277778e+01
 5.33944444e+01
 5.34611111e+01
 5.35277778e+01
 5.35944444e+01
 5.36611111e+01
 5.37277778e+01
 5.37944444e+01
 5.38611111e+01
 5.39277778e+01
 5.39944444e+01
 5.40611111e+01
 5.41277778e+01
 5.41944444e+01
 5.42611111e+01
 5.43277778e+01
 5.43944444e+01
 5.44611111e+01
 5.45277778e+01
 5.45944444e+01
 5.46611111e+01
 5.47277778e+01
 5.47944444e+01
 5.48611111e+01
 5.49277778e+01
 5.49944444e+01
 5.50611111e+01
 5.51277778e+01
 5.51944444e+01
 5.52611111e+01
 5.53277778e+01
 5.53944444e+01
 5.54611111e+01
 5.55277778e+01
 5.55944444e+01
 5.56611111e+01
 5.57277778e+01
 5.57944444e+01
 5.58611111e+01
 5.59277778e+01
 5.59944444e+01
 5.60611111e+01
 5.61277778e+01
 5.61944444e+01
 5.62611111e+01
 5.63277778e+01
 5.63944444e+01
 5.64611111e+01
 5.65277778e+01
 5.65944444e+01
 5.66611111e+01
 5.67277778e+01
 5.67944444e+01
 5.68611111e+01
 5.69277778e+01
 5.69944444e+01
 5.70611111e+01
 5.71277778e+01
 5.71944444e+01
 5.72611111e+01
 5.73277778e+01
 5.73944444e+01
 5.74611111e+01
 5.75277778e+01
 5.75944444e+01
 5.76611111e+01
 5.77277778e+01
 5.77944444e+01
 5.78611111e+01
 5.79277778e+01
 5.79944444e+01
 5.80611111e+01
 5.81277778e+01
 5.81944444e+01
 5.82611111e+01
 5.83277778e+01
 5.83944444e+01
 5.84611111e+01
 5.85277778e+01
 5.85944444e+01
 5.86611111e+01
 5.87277778e+01
 5.87944444e+01
 5.88611111e+01
 5.89277778e+01
 5.89944444e+01
 5.90611111e+01
 5.91277778e+01
 5.91944444e+01
 5.92611111e+01
 5.93277778e+01
 5.93944444e+01
 5.94611111e+01
 5.95277778e+01
 5.95944444e+01
 5.96611111e+01
 5.97277778e+01
 5.97944444e+01
 5.98611111e+01
 5.99277778e+01
 5.99944444e+01
 6.00611111e+01
 6.01277778e+01
 6.01944444e+01
 6.02611111e+01
 6.03277778e+01
 6.03944444e+01
 6.04611111e+01
 6.05277778e+01
 6.05944444e+01
 6.06611111e+01
 6.07277778e+01
 6.07944444e+01
 6.08611111e+01
 6.09277778e+01
 6.09944444e+01
